21
113
171
204
315
374
399
432
466
510
541
558
579
609
883
897
981
1169
1211
1248
1382
1455
1488
1583
1665
1688
1711
1817
1986
2025
2050
2057
2220
2286
2532
2541
2560
2585
2672
2777
2782
2784
2805
2997
3171
3182
3240
3247
3267
3280
3354
3372
3521
3543
3571
3593
3642
3650
3671
3737
3752
3815
3895
3967
3976
4070
4133
4276
4314
4487
4490
4520
4568
4660
4695
4899
4902
4931
5009
5121
5163
5183
5240
5278
5361
5440
5513
5561
5615
5638
5676
5806
5816
6004
6041
6069
6210
6451
6489
6544
6564
6580
6632
6650
6697
6700
6726
6805
6822
6842
7018
7040
7057
7150
7206
7211
7397
7468
7475
7483
7494
7532
7565
7715
7741
7813
7852
7852
7904
8032
8051
8086
8201
8202
8238
8331
8436
8562
8600
8823
8926
9074
9082
9272
9421
9425
9451
9478
9506
9513
9590
9599
9606
9609
9685
9730
9757
9759
9830
10033
10101
10129
10153
10160
10192
10233
10251
10296
10340
10409
10476
10480
10555
10660
10693
10720
10829
10861
10900
10923
10925
10938
10977
11045
11114
11135
11167
11282
11328
11454
11507
11511
11520
11612
11678
11693
11705
11789
11928
12035
12040
12241
12264
12328
12378
12493
12574
12585
12618
12665
12730
12741
12767
12864
12869
12918
13017
13021
13040
13159
13174
13212
13213
13229
13259
13273
13274
13406
13437
13537
13660
13705
13737
13776
13870
13871
13877
14008
14043
14061
14106
14258
14289
14440
14492
14498
14515
14543
14715
14917
14934
15001
15008
15014
15148
15160
15247
15342
15357
15385
15407
15544
15618
15668
15711
15833
15918
15920
15929
15937
15988
16107
16154
16157
16160
16198
16420
16518
16547
16551
16641
16745
16821
16965
17014
17024
17035
17077
17280
17288
17289
17312
17357
17402
17445
17608
17624
17625
17664
17838
17851
17924
17951
18097
18471
18475
18567
18621
18692
18956
19040
19111
19215
19247
19399
19428
19484
19658
19659
19735
19952
20005
20017
20310
20432
20461
20579
20627
20649
20653
20952
20968
20974
21147
21152
21160
21301
21392
21420
21471
21517
21529
21545
21577
21638
21639
21780
21804
21810
21897
21917
22014
22027
22120
22180
22239
22277
22351
22417
22466
22473
22545
22594
22744
22786
22815
22974
23005
23074
23137
23177
23186
23202
23224
23319
23343
23385
23398
23427
23563
23599
23779
23815
23882
23911
23927
23946
24007
24008
24031
24037
24039
24062
24100
24162
24213
24214
24218
24299
24350
24561
24569
24679
24734
24756
24802
24809
24850
24989
25273
25309
25558
25596
25616
25654
25668
25769
25804
25820
25867
25991
26022
26070
26230
26292
26311
26329
26480
26596
26696
26787
27035
27054
27288
27392
27403
27474
27642
27697
27711
27745
27782
27792
27860
27867
27965
28058
28237
28297
28368
28442
28565
28588
28636
28795
28946
28962
28966
29013
29018
29064
29068
29070
29157
29202
29203
29313
29318
29361
29404
29866
30023
30054
30179
30243
30616
30740
30752
30776
30787
30833
30849
30925
31185
31203
31310
31315
31420
31484
31543
31590
31594
31598
31701
31966
32042
32071
32081
32167
32172
32250
32332
32473
32492
32507
32545
32577
32622
32629
32715
32741
32742
