0
68
80
91
163
309
322
362
376
405
484
609
612
627
723
799
799
890
893
909
938
939
980
1216
1253
1324
1336
1349
1437
1514
1619
1718
1721
1723
1800
1805
1859
1900
1981
2015
2169
2250
2333
2337
2516
2533
2549
2576
2655
2709
2713
2773
2828
3102
3106
3154
3155
3230
3298
3315
3331
3369
3607
3627
3654
3746
3838
3889
4075
4130
4293
4339
4379
4545
4595
4674
4679
4924
4966
5039
5098
5118
5180
5373
5438
5464
5491
5564
5566
5593
5631
5638
5713
5713
5867
5871
5881
5924
6019
6071
6247
6252
6264
6339
6381
6456
6467
6567
6583
6709
6755
6788
6790
6853
6856
6955
6974
6996
7207
7227
7239
7259
7294
7316
7364
7387
7441
7464
7464
7483
7494
7504
7570
7627
7694
7761
7919
8043
8084
8138
8163
8181
8200
8285
8305
8307
8393
8408
8434
8488
8674
8728
8750
9106
9347
9605
9613
9640
9659
9698
9891
9904
10013
10032
10050
10085
10090
10229
10330
10403
10436
10578
10620
10664
10686
10810
11054
11099
11212
11215
11288
11313
11344
11468
11493
11576
11661
11773
11804
11995
11996
12102
12102
12226
12359
12414
12479
12503
12544
12653
12682
12682
12717
12719
12771
12821
12833
12836
12861
12928
12937
12947
12956
13566
13597
13620
13632
13659
13760
13845
13867
13919
13974
13984
14065
14087
14105
14171
14178
14184
14213
14224
14317
14510
14511
14521
14552
14647
14678
14719
14853
14949
14976
15087
15120
15324
15341
15387
15542
15688
15716
15917
15942
16072
16219
16324
16435
16475
16547
16659
16727
16739
16758
16770
16816
16891
16901
17088
17198
17234
17292
17309
17341
17387
17391
17458
17519
17532
17556
17569
17701
17753
17865
17889
17975
17983
18225
18534
18546
18578
18583
18676
18805
18901
18973
18991
19029
19095
19130
19231
19305
19364
19493
19531
19613
19631
19640
19643
19957
20070
20166
20202
20308
20615
20670
20703
20723
20775
20808
20854
21159
21200
21209
21317
21345
21466
21524
21583
21605
21628
21662
21664
21783
21831
21928
21946
21960
21963
22058
22128
22160
22231
22517
22573
22715
22715
22724
22837
22893
22947
22985
23129
23175
23324
23344
23365
23412
23413
23427
23446
23486
23502
23569
23608
23650
23725
23737
23739
23833
23839
23927
23959
23987
24008
24076
24166
24169
24192
24216
24286
24302
24365
24402
24408
24447
24584
24605
24665
24695
24705
24871
24892
24930
24931
24986
25150
25168
25257
25454
25543
25554
25587
25596
25640
25669
25756
25891
26002
26035
26065
26104
26154
26283
26291
26427
26442
26476
26485
26527
26547
26599
26621
26663
26776
26784
26915
27077
27080
27231
27252
27267
27436
27508
27546
27561
27646
27652
27752
27756
27770
27854
27951
28020
28084
28441
28577
28832
28842
28847
29021
29026
29036
29037
29053
29058
29138
29156
29224
29343
29407
29441
29458
29557
29683
29743
29906
30001
30101
30196
30240
30254
30304
30339
30353
30400
30424
30457
30476
30611
30641
30685
30787
30936
30958
30976
31009
31158
31184
31343
31514
31539
31700
31741
31782
31807
31876
31896
31955
32050
32112
32146
32213
32268
32295
32342
32346
32483
32570
32639
32670
32697
32707
