0
0
19
27
36
49
49
55
60
67
68
69
72
73
78
80
83
90
91
129
132
148
153
163
171
176
186
189
190
195
201
201
205
211
220
228
238
246
263
275
281
297
305
309
309
311
321
322
323
345
348
348
362
362
376
385
392
405
412
429
432
452
460
462
464
484
487
493
516
519
527
537
553
555
567
570
593
603
607
608
609
612
627
627
654
656
670
682
688
692
699
704
704
708
712
723
723
736
747
750
774
776
779
779
795
799
799
805
816
828
828
848
853
861
867
867
876
885
890
892
893
909
910
912
938
939
953
956
961
970
975
980
984
985
1016
1033
1036
1083
1084
1094
1103
1116
1118
1125
1131
1132
1135
1136
1152
1164
1167
1170
1178
1192
1195
1212
1213
1214
1216
1232
1241
1253
1253
1260
1262
1265
1267
1275
1279
1284
1286
1286
1298
1303
1310
1320
1324
1336
1339
1340
1346
1349
1351
1355
1367
1368
1369
1371
1373
1383
1390
1403
1405
1411
1412
1421
1435
1437
1454
1454
1462
1464
1477
1498
1513
1514
1532
1536
1577
1580
1608
1616
1619
1621
1622
1637
1646
1669
1704
1708
1718
1721
1723
1729
1737
1742
1745
1760
1762
1767
1795
1797
1797
1798
1800
1805
1822
1835
1835
1837
1858
1859
1868
1875
1877
1884
1900
1916
1918
1932
1940
1940
1941
1942
1943
1977
1979
1981
1982
2005
2006
2008
2015
2027
2028
2041
2054
2062
2072
2088
2099
2108
2116
2140
2149
2150
2159
2169
2169
2177
2177
2178
2180
2182
2186
2187
2190
2191
2198
2205
2210
2215
2220
2227
2228
2231
2237
2247
2250
2250
2261
2268
2280
2316
2323
2323
2328
2333
2335
2337
2344
2358
2359
2415
2417
2419
2438
2441
2461
2462
2473
2489
2505
2516
2522
2524
2529
2531
2531
2533
2546
2549
2551
2552
2570
2574
2576
2593
2599
2603
2607
2638
2642
2655
2655
2668
2687
2689
2709
2709
2712
2713
2716
2726
2727
2744
2752
2761
2773
2778
2781
2798
2819
2828
2838
2843
2850
2857
2868
2876
2890
2890
2904
2942
2963
2969
2977
2985
2998
3008
3012
3033
3042
3051
3054
3054
3058
3090
3093
3096
3100
3102
3106
3118
3128
3133
3154
3155
3164
3168
3187
3188
3188
3190
3193
3210
3216
3217
3230
3234
3234
3245
3245
3259
3262
3278
3278
3282
3283
3285
3296
3298
3299
3303
3315
3320
3320
3325
3331
3341
3343
3358
3369
3373
3377
3380
3402
3406
3409
3412
3423
3438
3441
3457
3462
3470
3481
3481
3497
3508
3517
3529
3541
3542
3549
3557
3578
3589
3597
3603
3607
3623
3627
3630
3633
3640
3641
3647
3654
3654
3654
3657
3675
3677
3687
3701
3703
3715
3718
3726
3746
3755
3766
3770
3776
3777
3779
3797
3806
3806
3812
3838
3839
3841
3863
3877
3888
3889
3889
3893
3901
3925
3928
3933
3936
3937
3960
3963
3968
4000
4005
4019
4019
4025
4026
4069
4075
4075
4102
4123
4130
4142
4147
4148
4162
4174
4179
4185
4195
4205
4215
4219
4222
4225
4227
4234
4240
4248
4258
4260
4272
4280
4285
4293
4293
4294
4316
4317
4338
4339
4339
4345
4348
4351
4367
4375
4376
4379
4390
4394
4394
4412
4415
4443
4447
4453
4456
4465
4467
4484
4488
4493
4497
4511
4534
4542
4545
4555
4561
4564
4583
4595
4614
4617
4621
4623
4626
4634
4660
4670
4674
4679
4682
4693
4717
4735
4744
4756
4765
4780
4780
4787
4796
4819
4838
4848
4858
4888
4892
4898
4898
4912
4923
4924
4926
4927
4936
4938
4949
4966
4979
5007
5017
5019
5027
5039
5062
5066
5080
5081
5094
5096
5098
5099
5118
5129
5141
5150
5158
5158
5158
5160
5166
5169
5172
5180
5185
5189
5196
5198
5202
5202
5207
5210
5212
5230
5236
5260
5265
5285
5286
5289
5291
5293
5329
5330
5330
5344
5344
5353
5361
5373
5382
5401
5410
5412
5418
5431
5438
5451
5457
5461
5464
5467
5482
5491
5499
5510
5521
5521
5527
5537
5543
5543
5548
5554
5557
5564
5566
5576
5582
5582
5585
5593
5603
5613
5618
5631
5638
5647
5647
5655
5657
5658
5666
5673
5709
5713
5713
5713
5719
5725
5733
5734
5745
5771
5771
5771
5773
5779
5795
5807
5814
5817
5818
5827
5835
5844
5857
5867
5871
5881
5887
5892
5895
5908
5913
5924
5927
5933
5953
5953
5978
5980
5984
5998
6004
6009
6019
6023
6030
6047
6051
6054
6055
6065
6071
6150
6160
6160
6170
6176
6217
6225
6226
6233
6235
6235
6247
6252
6252
6264
6283
6287
6290
6313
6320
6323
6337
6339
6340
6351
6352
6360
6373
6381
6383
6390
6394
6405
6423
6424
6447
6449
6452
6456
6459
6460
6467
6468
6470
6501
6504
6508
6516
6519
6523
6534
6536
6538
6541
6567
6574
6583
6586
6597
6598
6614
6615
6615
6636
6638
6641
6645
6651
6661
6672
6676
6682
6685
6687
6688
6691
6695
6696
6703
6705
6709
6723
6733
6735
6743
6747
6748
6749
6755
6755
6758
6762
6764
6771
6777
6778
6779
6784
6787
6787
6788
6790
6799
6818
6827
6827
6829
6841
6845
6853
6856
6881
6884
6888
6892
6894
6904
6918
6921
6947
6954
6955
6974
6977
6978
6987
6989
6990
6996
7004
7029
7030
7065
7090
7093
7126
7138
7153
7155
7172
7184
7187
7188
7207
7212
7217
7221
7227
7233
7235
7239
7242
7246
7250
7259
7294
7316
7338
7352
7353
7362
7364
7364
7369
7375
7378
7382
7387
7387
7402
7412
7418
7441
7441
7446
7447
7458
7464
7464
7481
7482
7483
7483
7483
7494
7498
7504
7509
7511
7515
7523
7524
7534
7542
7543
7543
7551
7551
7562
7565
7570
7584
7587
7589
7592
7598
7610
7614
7627
7627
7656
7659
7661
7691
7694
7697
7702
7703
7709
7733
7743
7761
7781
7788
7804
7813
7827
7837
7852
7863
7874
7888
7899
7900
7919
7929
7931
7932
7934
7935
7936
7942
7960
7971
8013
8016
8017
8023
8036
8043
8043
8044
8046
8048
8082
8084
8091
8093
8103
8114
8116
8136
8138
8139
8147
8152
8153
8163
8178
8181
8184
8187
8188
8200
8219
8219
8221
8247
8259
8281
8281
8285
8294
8305
8307
8312
8340
8374
8382
8383
8393
8406
8408
8416
8417
8423
8434
8436
8442
8447
8454
8455
8462
8466
8466
8469
8471
8476
8485
8488
8492
8495
8496
8498
8499
8504
8528
8540
8561
8562
8563
8566
8572
8597
8618
8626
8636
8657
8667
8674
8690
8699
8701
8719
8720
8728
8737
8738
8745
8750
8757
8763
8767
8775
8777
8781
8789
8791
8796
8800
8808
8823
8823
8835
8836
8838
8841
8851
8853
8879
8906
8911
8912
8913
8936
8941
8950
8963
8973
8981
8985
9030
9032
9037
9037
9038
9058
9060
9065
9072
9098
9106
9110
9112
9118
9119
9131
9132
9164
9170
9189
9194
9212
9216
9219
9274
9294
9299
9335
9344
9347
9356
9373
9373
9381
9406
9419
9429
9437
9439
9441
9457
9460
9465
9476
9481
9497
9504
9505
9510
9511
9511
9520
9522
9526
9528
9536
9556
9565
9592
9592
9605
9610
9613
9615
9625
9637
9640
9640
9650
9659
9673
9683
9696
9697
9698
9717
9722
9729
9734
9736
9737
9761
9762
9765
9773
9795
9796
9802
9811
9819
9826
9833
9862
9862
9880
9885
9891
9892
9894
9903
9904
9914
9922
9923
9929
9940
9942
9964
10002
10013
10029
10031
10032
10050
10056
10058
10064
10065
10074
10079
10081
10083
10085
10090
10100
10111
10119
10137
10155
10158
10158
10168
10172
10185
10202
10210
10212
10227
10229
10231
10235
10236
10246
10259
10265
10271
10274
10283
10285
10302
10304
10311
10311
10316
10317
10324
10327
10328
10329
10330
10341
10350
10364
10381
10383
10401
10403
10405
10412
10417
10421
10436
10440
10448
10452
10461
10465
10466
10468
10483
10498
10514
10518
10547
10564
10572
10578
10580
10581
10591
10603
10609
10612
10620
10620
10620
10629
10642
10664
10675
10679
10686
10688
10696
10696
10710
10716
10736
10738
10739
10740
10744
10752
10755
10761
10763
10767
10773
10780
10783
10790
10810
10836
10839
10867
10868
10876
10879
10881
10888
10890
10914
10948
10956
10958
10974
10980
10990
10992
11029
11032
11054
11057
11061
11061
11067
11076
11079
11089
11093
11095
11099
11100
11101
11108
11108
11128
11129
11153
11159
11161
11183
11197
11200
11205
11206
11208
11212
11212
11215
11239
11244
11253
11258
11266
11269
11273
11288
11292
11298
11299
11312
11313
11315
11329
11344
11351
11374
11375
11381
11401
11403
11409
11416
11428
11444
11455
11455
11461
11467
11468
11477
11479
11481
11493
11497
11512
11519
11532
11543
11548
11558
11570
11576
11578
11591
11601
11605
11627
11627
11629
11649
11652
11652
11659
11661
11666
11698
11709
11715
11728
11735
11742
11755
11756
11763
11765
11766
11768
11773
11776
11782
11784
11797
11801
11804
11811
11817
11820
11841
11853
11861
11872
11903
11904
11905
11915
11929
11956
11958
11969
11969
11971
11995
11996
12001
12012
12026
12038
12040
12049
12050
12080
12093
12096
12099
12102
12102
12106
12114
12134
12136
12140
12147
12153
12153
12156
12168
12174
12174
12184
12187
12187
12193
12204
12210
12216
12225
12225
12226
12228
12231
12232
12238
12246
12282
12287
12308
12332
12337
12348
12351
12359
12364
12369
12375
12392
12399
12414
12414
12416
12421
12437
12449
12459
12466
12476
12478
12479
12491
12493
12502
12503
12505
12513
12519
12534
12544
12547
12560
12562
12590
12595
12599
12600
12612
12616
12619
12634
12653
12662
12664
12666
12682
12682
12684
12699
12704
12705
12717
12719
12719
12722
12753
12753
12760
12767
12771
12800
12806
12810
12821
12822
12833
12836
12853
12861
12864
12880
12897
12898
12903
12915
12928
12932
12935
12937
12947
12949
12956
12956
12963
12964
12966
12966
12971
12975
12975
12975
13002
13014
13015
13032
13051
13052
13070
13085
13095
13096
13100
13101
13104
13120
13144
13155
13156
13156
13164
13168
13169
13179
13180
13181
13181
13189
13189
13194
13215
13217
13223
13235
13247
13265
13287
13301
13311
13314
13319
13335
13350
13366
13388
13388
13389
13394
13409
13414
13414
13437
13438
13455
13455
13461
13467
13473
13474
13478
13482
13493
13514
13515
13519
13521
13525
13526
13530
13538
13555
13566
13597
13612
13619
13620
13632
13652
13654
13659
13659
13663
13666
13685
13689
13701
13728
13732
13742
13745
13749
13753
13760
13781
13786
13788
13797
13809
13813
13816
13818
13840
13842
13845
13860
13867
13901
13902
13907
13908
13919
13924
13939
13943
13962
13967
13973
13974
13977
13977
13980
13984
14003
14006
14011
14017
14017
14017
14021
14028
14034
14042
14059
14065
14079
14087
14093
14096
14097
14105
14107
14108
14108
14110
14112
14113
14117
14135
14157
14157
14160
14161
14163
14163
14170
14171
14172
14174
14176
14178
14180
14182
14184
14185
14203
14206
14213
14216
14217
14224
14233
14233
14234
14268
14271
14275
14283
14284
14308
14310
14310
14317
14325
14325
14328
14330
14334
14339
14340
14347
14352
14354
14370
14372
14394
14420
14423
14446
14455
14489
14502
14510
14511
14520
14521
14521
14521
14539
14552
14560
14564
14565
14568
14573
14575
14578
14592
14610
14613
14615
14632
14639
14646
14647
14654
14657
14660
14678
14685
14693
14694
14706
14712
14713
14716
14719
14733
14755
14764
14790
14791
14829
14830
14838
14838
14839
14853
14857
14858
14866
14871
14873
14873
14889
14897
14898
14906
14908
14908
14949
14949
14964
14976
14976
14984
14990
14996
14998
15000
15020
15028
15039
15052
15085
15087
15094
15098
15109
15119
15120
15125
15132
15142
15149
15155
15165
15169
15184
15220
15240
15240
15242
15253
15286
15289
15292
15324
15333
15339
15341
15361
15370
15371
15372
15374
15387
15401
15404
15405
15412
15413
15415
15417
15425
15428
15440
15447
15458
15463
15472
15475
15488
15491
15492
15504
15510
15538
15542
15543
15547
15549
15559
15560
15575
15577
15586
15589
15593
15613
15613
15619
15630
15652
15668
15685
15688
15688
15708
15716
15716
15717
15724
15725
15731
15733
15752
15752
15764
15765
15769
15774
15775
15788
15813
15817
15819
15834
15862
15878
15883
15884
15894
15906
15910
15913
15917
15933
15942
15946
15946
15946
15950
15971
15974
15979
15994
16016
16023
16024
16030
16034
16054
16072
16075
16082
16097
16100
16107
16110
16126
16134
16136
16142
16144
16149
16158
16178
16179
16194
16198
16201
16217
16219
16222
16223
16238
16248
16261
16271
16274
16282
16284
16314
16314
16319
16324
16330
16355
16379
16379
16392
16395
16407
16409
16426
16433
16435
16475
16494
16497
16535
16541
16545
16547
16552
16558
16558
16559
16574
16581
16611
16611
16613
16636
16647
16656
16658
16659
16664
16674
16681
16724
16727
16727
16735
16739
16758
16759
16760
16765
16768
16770
16775
16783
16788
16794
16805
16808
16813
16816
16842
16851
16855
16861
16891
16898
16901
16902
16905
16919
16938
16941
16967
16980
16984
16987
16993
17030
17036
17036
17061
17064
17067
17081
17088
17133
17138
17154
17154
17162
17165
17169
17175
17196
17198
17212
17231
17234
17234
17249
17262
17264
17270
17292
17301
17302
17305
17306
17309
17311
17313
17324
17341
17341
17345
17352
17358
17365
17377
17387
17391
17399
17405
17417
17417
17422
17441
17443
17446
17458
17501
17503
17513
17517
17519
17520
17532
17538
17556
17556
17569
17590
17595
17595
17603
17609
17627
17638
17638
17660
17663
17667
17680
17685
17691
17700
17701
17701
17702
17707
17744
17753
17777
17792
17793
17820
17832
17841
17847
17858
17865
17865
17883
17888
17889
17899
17901
17909
17924
17934
17935
17949
17953
17958
17962
17975
17975
17980
17983
17986
17989
17989
17993
17996
18004
18015
18025
18030
18048
18049
18082
18086
18090
18112
18129
18132
18139
18141
18156
18165
18169
18174
18187
18191
18194
18194
18214
18216
18225
18243
18249
18256
18259
18260
18274
18274
18281
18291
18314
18325
18332
18340
18351
18361
18379
18391
18402
18412
18412
18415
18418
18419
18431
18438
18446
18451
18452
18458
18460
18462
18464
18470
18490
18497
18504
18506
18518
18534
18546
18547
18564
18565
18578
18579
18583
18597
18598
18627
18634
18640
18649
18664
18674
18676
18680
18687
18688
18703
18715
18724
18726
18738
18754
18759
18776
18783
18789
18792
18797
18799
18805
18807
18810
18811
18814
18819
18821
18832
18850
18875
18886
18894
18901
18906
18909
18909
18915
18918
18935
18947
18967
18973
18982
18991
19019
19027
19028
19029
19037
19042
19047
19052
19054
19064
19076
19087
19095
19099
19103
19113
19117
19130
19130
19132
19132
19151
19160
19163
19170
19170
19180
19185
19210
19219
19224
19224
19229
19230
19230
19231
19238
19263
19264
19265
19268
19273
19274
19305
19311
19316
19320
19332
19360
19361
19364
19372
19378
19379
19385
19385
19388
19393
19394
19401
19421
19432
19433
19441
19461
19468
19481
19493
19494
19498
19503
19509
19514
19524
19526
19526
19531
19533
19541
19546
19554
19561
19564
19571
19580
19588
19589
19591
19599
19608
19613
19613
19621
19622
19630
19631
19632
19635
19640
19643
19645
19655
19665
19673
19677
19691
19699
19702
19725
19753
19757
19762
19767
19776
19779
19799
19803
19813
19830
19844
19849
19859
19860
19865
19866
19867
19873
19873
19880
19885
19906
19921
19923
19924
19930
19950
19957
19959
19969
19973
19975
20011
20014
20019
20024
20031
20036
20036
20046
20049
20058
20070
20097
20105
20122
20124
20128
20131
20134
20145
20146
20148
20154
20157
20160
20166
20167
20193
20198
20202
20204
20217
20233
20234
20265
20269
20278
20295
20295
20304
20307
20308
20308
20331
20333
20338
20342
20381
20401
20412
20455
20463
20497
20536
20538
20545
20546
20550
20558
20559
20563
20572
20573
20575
20583
20610
20615
20619
20621
20627
20629
20640
20649
20659
20660
20670
20676
20689
20692
20703
20703
20719
20723
20735
20741
20742
20749
20775
20779
20794
20799
20808
20810
20814
20827
20831
20847
20852
20854
20859
20862
20865
20866
20871
20875
20884
20887
20892
20893
20903
20909
20910
20924
20937
20942
20949
20974
20974
20978
20984
21020
21061
21078
21078
21081
21082
21083
21084
21086
21098
21102
21104
21115
21122
21122
21128
21145
21159
21162
21164
21167
21176
21178
21179
21183
21185
21196
21200
21209
21211
21224
21227
21248
21250
21254
21264
21265
21274
21317
21335
21345
21350
21352
21352
21352
21405
21406
21417
21419
21423
21428
21442
21443
21445
21452
21457
21464
21466
21472
21475
21487
21501
21506
21511
21519
21524
21528
21529
21530
21534
21540
21570
21581
21583
21592
21594
21605
21612
21628
21637
21646
21652
21662
21664
21714
21723
21725
21728
21732
21758
21780
21783
21811
21819
21821
21831
21848
21872
21874
21878
21878
21882
21899
21907
21912
21920
21924
21928
21946
21950
21960
21963
21963
21970
21976
21982
21994
22001
22011
22017
22031
22058
22070
22073
22075
22080
22081
22085
22092
22092
22103
22106
22125
22125
22125
22126
22128
22130
22133
22134
22134
22135
22136
22154
22158
22160
22162
22170
22177
22187
22193
22228
22231
22243
22258
22265
22306
22308
22321
22329
22344
22349
22367
22387
22392
22396
22402
22416
22420
22420
22428
22430
22436
22465
22471
22488
22491
22517
22538
22558
22570
22573
22575
22577
22579
22620
22626
22636
22654
22670
22673
22705
22715
22715
22722
22724
22725
22725
22734
22734
22748
22758
22769
22789
22806
22837
22842
22867
22872
22872
22883
22885
22893
22896
22897
22901
22908
22913
22913
22915
22923
22926
22927
22927
22928
22939
22947
22985
22995
23005
23020
23025
23046
23063
23074
23084
23099
23107
23114
23129
23137
23159
23163
23168
23168
23172
23175
23200
23202
23206
23206
23215
23218
23219
23228
23229
23254
23274
23277
23279
23279
23284
23287
23288
23295
23304
23324
23344
23365
23370
23371
23390
23392
23394
23396
23399
23403
23406
23412
23413
23417
23419
23424
23427
23427
23436
23437
23439
23446
23452
23455
23470
23473
23475
23485
23486
23491
23493
23494
23502
23505
23507
23520
23522
23526
23535
23539
23554
23565
23569
23570
23576
23579
23586
23597
23599
23606
23608
23613
23639
23639
23644
23648
23650
23655
23662
23666
23666
23670
23701
23702
23708
23713
23725
23729
23733
23737
23737
23739
23746
23747
23751
23758
23758
23771
23781
23784
23789
23792
23794
23799
23799
23815
23833
23834
23837
23839
23849
23875
23878
23885
23889
23894
23901
23910
23912
23919
23927
23932
23936
23937
23953
23955
23959
23965
23972
23987
24008
24019
24022
24029
24070
24071
24076
24076
24098
24110
24121
24121
24130
24131
24139
24152
24163
24166
24166
24169
24176
24181
24186
24192
24196
24200
24203
24216
24226
24247
24250
24254
24255
24258
24279
24283
24286
24299
24301
24302
24325
24326
24329
24340
24344
24353
24365
24371
24378
24379
24382
24402
24408
24415
24425
24438
24438
24446
24446
24447
24454
24464
24470
24489
24499
24502
24519
24526
24531
24532
24545
24551
24555
24566
24576
24584
24586
24589
24592
24605
24640
24644
24650
24652
24652
24656
24665
24695
24705
24709
24721
24724
24725
24738
24742
24754
24761
24768
24782
24811
24811
24829
24830
24838
24843
24849
24858
24863
24871
24881
24883
24892
24901
24920
24930
24931
24935
24950
24953
24956
24959
24964
24986
24993
25001
25008
25011
25022
25049
25050
25063
25069
25082
25085
25091
25101
25110
25111
25113
25119
25125
25126
25136
25138
25145
25145
25150
25154
25159
25160
25168
25168
25194
25194
25200
25202
25206
25212
25218
25223
25229
25241
25247
25248
25257
25265
25289
25295
25326
25337
25341
25354
25355
25358
25366
25372
25388
25432
25442
25453
25454
25456
25465
25466
25476
25485
25491
25500
25500
25506
25514
25521
25521
25529
25538
25543
25546
25549
25554
25557
25587
25587
25596
25603
25624
25628
25640
25640
25643
25647
25647
25649
25667
25667
25669
25673
25674
25678
25703
25717
25725
25728
25739
25739
25742
25750
25754
25756
25759
25767
25786
25795
25797
25806
25813
25817
25820
25830
25837
25841
25849
25852
25885
25891
25903
25903
25911
25911
25929
25930
25930
25933
25947
25953
25969
25973
25975
25979
25982
25984
26000
26001
26002
26003
26003
26011
26013
26016
26026
26035
26060
26061
26062
26065
26070
26086
26090
26104
26104
26108
26112
26114
26132
26134
26146
26151
26154
26180
26195
26197
26197
26201
26208
26209
26217
26235
26236
26259
26269
26281
26283
26283
26286
26291
26308
26327
26332
26336
26350
26374
26375
26375
26400
26412
26427
26430
26442
26443
26457
26468
26476
26479
26485
26489
26493
26511
26521
26527
26532
26535
26538
26543
26547
26549
26556
26574
26580
26584
26599
26610
26621
26663
26666
26690
26692
26693
26695
26723
26747
26755
26762
26776
26779
26784
26797
26804
26809
26818
26820
26823
26827
26853
26873
26884
26890
26890
26893
26915
26919
26920
26925
26933
26940
26967
26972
26998
27018
27021
27028
27041
27046
27058
27070
27077
27080
27085
27104
27107
27109
27117
27128
27143
27149
27156
27159
27161
27165
27177
27206
27217
27220
27229
27231
27236
27246
27247
27248
27252
27254
27266
27267
27277
27284
27290
27296
27309
27312
27312
27321
27342
27345
27352
27353
27353
27368
27368
27396
27416
27418
27422
27423
27433
27436
27436
27439
27455
27462
27464
27478
27482
27483
27485
27508
27513
27519
27540
27543
27545
27546
27561
27573
27577
27581
27582
27593
27593
27611
27623
27625
27630
27631
27635
27646
27650
27652
27655
27659
27664
27673
27703
27714
27719
27745
27745
27749
27749
27751
27752
27752
27756
27758
27765
27766
27767
27770
27774
27777
27780
27780
27794
27795
27795
27796
27797
27804
27836
27837
27843
27854
27854
27894
27942
27942
27946
27950
27951
27953
27956
27961
27980
27988
27988
28003
28013
28017
28020
28026
28038
28054
28061
28062
28079
28079
28084
28086
28094
28130
28156
28162
28169
28190
28196
28199
28203
28213
28219
28224
28226
28228
28234
28237
28263
28278
28278
28285
28286
28291
28298
28308
28312
28318
28325
28330
28333
28335
28336
28344
28356
28369
28370
28370
28380
28386
28391
28404
28407
28410
28411
28423
28436
28439
28441
28441
28459
28530
28535
28537
28537
28556
28565
28577
28580
28583
28599
28607
28610
28623
28633
28638
28654
28664
28666
28678
28680
28682
28690
28693
28721
28725
28747
28751
28757
28757
28768
28778
28785
28795
28805
28814
28815
28818
28832
28840
28842
28847
28851
28853
28856
28880
28881
28885
28902
28922
28923
28926
28927
28935
28940
28941
28955
28965
28966
28970
28985
28991
28991
28994
28996
29004
29007
29021
29026
29032
29033
29033
29036
29036
29037
29045
29051
29053
29058
29074
29115
29126
29138
29156
29156
29175
29176
29208
29209
29212
29224
29237
29243
29246
29247
29273
29292
29297
29302
29314
29331
29337
29343
29345
29357
29377
29391
29398
29404
29407
29413
29421
29438
29441
29451
29456
29458
29468
29470
29477
29492
29509
29510
29530
29545
29552
29557
29557
29559
29568
29584
29588
29596
29607
29608
29610
29625
29657
29666
29668
29683
29687
29691
29694
29695
29699
29723
29727
29741
29743
29753
29756
29757
29764
29788
29802
29807
29810
29818
29832
29836
29839
29839
29848
29850
29864
29871
29876
29881
29893
29897
29900
29906
29906
29914
29914
29925
29952
29967
29988
30001
30006
30022
30035
30043
30052
30058
30059
30060
30063
30068
30069
30074
30076
30079
30087
30089
30090
30094
30098
30101
30105
30106
30130
30132
30157
30166
30170
30176
30188
30196
30203
30216
30240
30254
30259
30279
30290
30292
30295
30304
30310
30335
30338
30339
30342
30342
30346
30347
30353
30360
30365
30373
30383
30385
30387
30400
30407
30424
30428
30431
30457
30462
30476
30476
30476
30476
30479
30480
30481
30495
30499
30511
30524
30544
30561
30580
30590
30600
30605
30610
30611
30615
30626
30641
30649
30652
30658
30678
30685
30696
30700
30700
30709
30717
30721
30730
30738
30784
30787
30788
30806
30814
30834
30857
30864
30932
30936
30950
30951
30954
30958
30976
30976
30979
30997
31009
31021
31022
31025
31034
31035
31038
31057
31096
31106
31115
31117
31122
31127
31131
31143
31147
31154
31154
31155
31158
31177
31184
31185
31200
31205
31207
31219
31229
31235
31257
31259
31273
31282
31299
31305
31312
31343
31349
31351
31365
31378
31398
31412
31419
31423
31427
31469
31472
31480
31493
31498
31505
31506
31506
31514
31517
31518
31529
31531
31532
31533
31539
31547
31556
31569
31581
31581
31591
31593
31593
31601
31609
31609
31623
31629
31636
31638
31640
31673
31676
31677
31680
31683
31687
31688
31694
31697
31700
31728
31733
31741
31748
31748
31748
31765
31780
31781
31782
31784
31788
31798
31807
31808
31811
31828
31833
31857
31858
31876
31882
31896
31914
31916
31917
31918
31937
31941
31949
31952
31955
31955
31966
31973
31978
31986
32002
32003
32008
32029
32033
32040
32050
32050
32070
32079
32083
32086
32106
32112
32114
32115
32117
32124
32126
32129
32133
32146
32151
32161
32165
32178
32190
32190
32198
32209
32213
32215
32225
32226
32229
32236
32261
32268
32279
32282
32283
32295
32300
32304
32307
32309
32338
32342
32346
32393
32395
32400
32421
32426
32427
32428
32439
32446
32448
32457
32483
32483
32490
32516
32518
32532
32538
32546
32568
32570
32576
32579
32585
32597
32598
32639
32645
32646
32660
32665
32670
32679
32682
32688
32697
32697
32698
32698
32704
32707
32714
32715
32724
32726
32748
