规模为 20 的问题 ,随机删除的数据为: 366 3801 732 2235 2129 
删除后中序遍历的结果为: 140  141  1419  1440  1726  2017  2080  2307  2470  3064  3149  3299  4027  4770  4993  
规模为 40 的问题 ,随机删除的数据为: 1431 656 4332 2861 4711 775 4285 3386 4526 2640 
删除后中序遍历的结果为: 165  331  468  568  938  1293  1343  1866  1981  2048  2147  2247  2456  2662  2940  3032  3094  3125  3280  3559  3796  3971  4283  4428  4482  4517  4671  4678  4733  4772  
规模为 60 的问题 ,随机删除的数据为: 2071 2611 2619 4080 3451 1049 4664 2792 3822 4106 1568 3910 4282 2515 2701 
删除后中序遍历的结果为: 66  70  87  284  301  309  374  412  435  490  586  745  975  1097  1230  1252  1313  1341  1577  1793  1907  1933  2133  2211  2228  2346  2724  2736  2799  2903  3266  3529  3685  3714  3861  3870  4028  4228  4309  4364  4486  4548  4653  4792  4927  
规模为 80 的问题 ,随机删除的数据为: 2838 3078 2172 682 2537 3340 6 1734 3458 1281 1090 1881 862 1199 1721 1854 1558 703 107 2095 
删除后中序遍历的结果为: 222  273  285  330  378  572  833  835  869  1006  1015  1211  1232  1411  1513  1518  1563  1619  1659  1824  1825  1891  1911  2058  2116  2119  2142  2221  2321  2324  2343  2361  2431  2621  2674  2697  2813  2824  3021  3043  3116  3179  3199  3352  3595  3648  3733  3854  3894  3975  4000  4122  4211  4265  4331  4465  4519  4632  4741  4846  
规模为 100 的问题 ,随机删除的数据为: 3113 2517 3533 2189 3747 3875 3991 176 2796 333 53 3679 3842 2595 4006 2688 2344 3686 81 3054 2520 3066 2771 406 4968 
删除后中序遍历的结果为: 22  44  45  65  95  101  154  189  302  355  446  482  532  667  852  853  962  987  991  996  1078  1133  1177  1215  1256  1360  1401  1448  1502  1552  1662  1770  1780  1843  1873  1890  1998  2054  2088  2101  2153  2185  2285  2477  2613  2629  2732  2754  2777  2846  2873  2957  3034  3059  3156  3197  3296  3312  3326  3399  3418  3812  3849  4011  4040  4222  4297  4312  4349  4539  4636  4740  4786  4881  4986  
