0 137 11
0 64 26
0 19 9
1 110 9
1 23 15
1 153 24
2 105 14
2 124 42
2 5 19
3 185 4
3 51 36
3 40 22
4 170 31
4 194 20
4 32 8
5 123 32
5 66 26
5 238 24
6 180 12
6 214 16
6 201 45
7 86 24
7 73 31
7 197 42
8 108 21
8 43 36
8 41 44
9 232 28
9 41 43
9 59 31
10 201 14
10 225 10
10 63 41
11 8 43
11 51 2
11 120 7
12 227 38
12 121 36
12 40 20
13 202 18
13 236 38
13 14 29
14 67 13
14 61 36
14 0 1
15 52 41
15 114 25
15 239 48
16 94 20
16 146 29
16 79 18
17 70 13
17 226 34
17 72 36
18 160 11
18 225 0
18 145 12
19 230 19
19 110 34
19 133 33
20 42 35
20 169 49
20 62 19
21 126 24
21 51 18
21 149 20
22 81 8
22 135 27
22 65 38
23 208 46
23 39 11
23 13 44
24 185 18
24 133 8
24 87 36
25 149 18
25 182 12
25 191 30
26 166 9
26 199 46
26 218 27
27 45 23
27 44 19
27 231 30
28 122 49
28 86 48
28 218 42
29 106 3
29 195 22
29 146 12
30 108 41
30 36 36
30 67 33
31 123 19
31 174 7
31 231 20
32 72 0
32 195 8
32 206 21
33 84 32
33 133 2
33 47 49
34 135 44
34 97 4
34 88 0
35 56 5
35 120 6
35 163 14
36 192 16
36 198 9
36 240 44
37 177 3
37 229 5
37 65 41
38 15 24
38 58 9
38 207 30
39 16 21
39 210 9
39 144 17
40 79 38
40 220 20
40 140 24
41 208 23
41 86 10
41 88 37
42 197 0
42 75 41
42 147 2
43 48 46
43 157 46
43 102 13
44 32 9
44 148 50
44 192 8
45 107 37
45 84 17
45 170 5
46 227 1
46 15 37
46 13 33
47 169 16
47 117 1
47 95 10
48 215 37
48 68 1
48 87 39
49 22 21
49 73 20
49 99 25
50 234 16
50 110 13
50 10 47
51 4 44
51 182 22
51 198 31
52 58 43
52 166 11
52 78 47
53 118 4
53 86 50
53 47 27
54 229 23
54 184 43
54 137 1
55 169 48
55 168 46
55 177 47
56 28 15
56 41 21
56 103 44
57 191 26
57 35 24
57 130 41
58 226 30
58 240 4
58 164 49
59 41 41
59 104 20
59 206 8
60 228 32
60 180 41
60 69 35
61 66 27
61 204 7
61 201 36
62 137 25
62 141 35
62 167 33
63 76 25
63 79 40
63 182 44
64 2 43
64 184 29
64 30 31
65 198 34
65 158 9
65 82 3
66 138 19
66 78 20
66 226 35
67 128 48
67 158 2
67 64 18
68 66 16
68 172 10
68 132 36
69 50 41
69 144 47
69 153 41
70 20 45
70 96 17
70 0 43
71 145 13
71 16 45
71 134 25
72 127 26
72 66 0
72 194 32
73 84 20
73 218 30
73 212 40
74 135 25
74 72 40
74 184 47
75 84 33
75 176 28
75 129 10
76 126 27
76 185 45
76 190 46
77 186 48
77 7 22
77 62 13
78 154 27
78 231 12
78 137 46
79 16 19
79 44 22
79 237 33
80 51 14
80 145 39
80 28 3
81 79 25
81 177 43
81 19 2
82 5 13
82 149 45
82 206 19
83 100 48
83 74 23
83 176 37
84 149 21
84 91 1
84 73 23
85 115 45
85 3 14
85 181 49
86 55 14
86 177 48
86 17 8
87 125 26
87 156 28
87 6 28
88 134 45
88 143 20
88 204 41
89 217 21
89 99 4
89 35 24
90 95 8
90 93 32
90 145 39
91 162 21
91 239 13
91 207 41
92 125 36
92 45 11
92 240 8
93 219 5
93 148 6
93 84 7
94 30 42
94 124 45
94 213 2
95 92 16
95 181 47
95 29 18
96 177 35
96 239 43
96 110 29
97 127 38
97 129 26
97 11 31
98 103 42
98 49 28
98 137 22
99 204 45
99 49 35
99 106 7
100 170 44
100 154 19
100 195 32
101 192 0
101 64 33
101 199 22
102 148 37
102 206 10
102 235 21
103 172 9
103 108 6
103 9 2
104 64 14
104 219 45
104 25 22
105 90 41
105 103 31
105 84 9
106 136 46
106 48 11
106 109 8
107 96 47
107 7 11
107 91 17
108 28 11
108 168 36
108 43 50
109 145 48
109 189 50
109 51 43
110 129 7
110 164 46
110 7 45
111 123 33
111 0 21
111 11 21
112 82 25
112 31 6
112 106 29
113 214 43
113 237 46
113 225 20
114 90 49
114 169 41
114 220 8
115 228 21
115 89 7
115 237 42
116 238 25
116 83 16
116 18 43
117 210 8
117 87 20
117 4 18
118 95 23
118 211 25
118 51 12
119 6 5
119 169 21
119 52 30
120 75 5
120 85 6
120 87 48
121 36 29
121 131 17
121 72 2
122 228 35
122 242 45
122 104 8
123 140 31
123 124 8
123 61 7
124 180 22
124 107 39
124 150 7
125 31 47
125 71 42
125 154 44
126 159 42
126 179 21
126 44 36
127 186 44
127 238 41
127 122 30
128 143 42
128 229 16
128 200 13
129 30 13
129 0 0
129 210 41
130 199 30
130 30 7
130 240 33
131 198 47
131 186 46
131 154 49
132 60 20
132 139 25
132 102 23
133 64 24
133 197 22
133 117 39
134 36 17
134 11 28
134 94 20
135 237 33
135 232 27
135 203 18
136 200 4
136 27 22
136 137 10
137 15 22
137 189 41
137 78 41
138 147 44
138 84 7
138 151 37
139 16 7
139 87 21
139 189 6
140 197 4
140 23 17
140 240 35
141 208 45
141 103 35
141 64 0
142 19 22
142 193 47
142 134 12
143 76 26
143 117 26
143 235 46
144 177 10
144 33 28
144 210 35
145 33 10
145 91 15
145 70 19
146 232 50
146 73 14
146 109 26
147 86 33
147 119 6
147 96 43
148 84 2
148 22 16
148 195 48
149 95 0
149 210 43
149 7 41
150 131 31
150 18 27
150 36 26
151 8 21
151 192 48
151 212 18
152 159 15
152 42 44
152 171 29
153 109 9
153 11 48
153 206 9
154 12 44
154 164 12
154 55 40
155 16 41
155 221 32
155 201 3
156 74 29
156 103 13
156 56 29
157 114 42
157 58 25
157 89 35
158 4 28
158 47 45
158 203 14
159 126 41
159 182 15
159 167 9
160 80 22
160 4 15
160 111 43
161 144 33
161 130 23
161 31 6
162 221 42
162 104 36
162 36 40
163 67 12
163 178 31
163 127 25
164 15 26
164 186 28
164 3 48
165 185 22
165 31 48
165 65 11
166 156 25
166 48 31
166 208 28
167 140 38
167 48 45
167 105 13
168 108 50
168 68 31
168 241 11
169 234 42
169 42 19
169 89 36
170 196 23
170 177 32
170 79 3
171 56 2
171 121 43
171 168 33
172 105 2
172 2 6
172 26 1
173 20 0
173 242 23
173 7 8
174 180 49
174 141 9
174 38 11
175 51 37
175 214 48
175 205 1
176 141 35
176 185 17
176 235 30
177 102 40
177 36 23
177 197 49
178 200 26
178 7 43
178 74 7
179 57 37
179 207 3
179 147 34
180 4 1
180 217 29
180 110 6
181 167 4
181 165 37
181 105 39
182 165 2
182 140 48
182 158 44
183 17 13
183 116 27
183 54 10
184 20 49
184 8 31
184 75 34
185 156 50
185 96 50
185 227 14
186 5 3
186 115 17
186 32 23
187 218 17
187 95 2
187 140 29
188 33 11
188 230 12
188 79 18
189 152 49
189 187 38
189 99 14
190 108 5
190 181 32
190 156 8
191 200 9
191 214 16
191 100 10
192 74 19
192 89 48
192 63 8
193 161 11
193 0 14
193 61 48
194 99 43
194 151 46
194 142 4
195 24 36
195 40 5
195 216 32
196 22 12
196 79 39
196 157 41
197 236 48
197 231 1
197 228 48
198 211 49
198 151 20
198 88 44
199 208 6
199 231 39
199 193 20
200 178 2
200 19 30
200 195 47
201 72 9
201 55 30
201 12 49
202 237 30
202 229 11
202 1 39
203 110 1
203 150 2
203 97 20
204 226 49
204 225 31
204 89 35
205 148 11
205 54 10
205 133 7
206 44 50
206 15 18
206 193 10
207 62 5
207 226 26
207 199 25
208 79 25
208 178 41
208 62 5
209 23 42
209 173 6
209 130 47
210 106 35
210 222 13
210 0 33
211 50 50
211 17 36
211 73 46
212 85 4
212 177 22
212 59 2
213 165 11
213 149 4
213 185 14
214 173 32
214 213 26
214 119 4
215 237 0
215 228 33
215 186 11
216 161 13
216 219 14
216 196 13
217 1 50
217 185 12
217 174 36
218 213 48
218 200 0
218 35 50
219 167 13
219 121 3
219 32 28
220 61 6
220 89 49
220 111 19
221 48 2
221 15 12
221 193 31
222 118 23
222 169 4
222 26 22
223 74 0
223 92 6
223 141 33
224 23 13
224 197 3
224 1 13
225 161 18
225 11 40
225 75 6
226 17 19
226 4 9
226 87 28
227 193 7
227 194 8
227 42 17
228 159 33
228 205 30
228 154 37
229 132 2
229 46 18
229 2 43
230 169 20
230 4 42
230 225 22
231 138 9
231 73 12
231 168 15
232 50 23
232 1 28
232 132 48
233 46 5
233 8 28
233 55 11
234 110 33
234 217 35
234 194 35
235 105 15
235 71 45
235 167 10
236 11 32
236 14 19
236 8 7
237 43 33
237 53 40
237 210 5
238 52 8
238 139 26
238 20 30
239 45 21
239 175 19
239 94 30
240 110 48
240 109 41
240 33 48
241 18 44
241 53 35
241 2 11
242 78 25
242 222 17
242 9 47
