0 54 25
0 1 48
1 9 40
1 15 33
2 18 48
2 46 8
3 79 15
3 40 37
4 22 4
4 45 8
5 37 7
5 64 4
6 54 7
6 0 39
7 22 8
7 68 27
8 11 37
8 32 48
9 49 22
9 41 49
10 40 44
10 48 48
11 64 34
11 24 26
12 30 25
12 16 26
13 59 42
13 77 38
14 62 25
14 30 0
15 58 32
15 76 4
16 25 37
16 3 14
17 73 9
17 16 45
18 39 27
18 55 42
19 10 12
19 79 46
20 25 19
20 21 38
21 59 31
21 33 31
22 64 4
22 62 12
23 70 2
23 74 34
24 40 49
24 52 0
25 41 41
25 64 2
26 14 10
26 74 30
27 7 3
27 64 3
28 14 10
28 16 27
29 13 1
29 57 2
30 7 49
30 23 13
31 40 27
31 11 26
32 75 42
32 80 48
33 56 9
33 48 7
34 73 26
34 55 29
35 15 17
35 8 24
36 76 9
36 71 48
37 61 48
37 12 6
38 48 4
38 18 10
39 38 15
39 11 50
40 10 30
40 4 44
41 23 19
41 59 13
42 61 18
42 53 18
43 25 47
43 33 20
44 12 26
44 36 22
45 60 46
45 74 50
46 53 45
46 64 39
47 65 29
47 38 35
48 16 14
48 67 9
49 35 11
49 24 38
50 18 39
50 74 34
51 37 17
51 49 9
52 62 46
52 44 12
53 39 49
53 23 37
54 21 17
54 38 20
55 18 30
55 22 43
56 22 22
56 47 20
57 75 48
57 58 12
58 70 15
58 54 41
59 21 33
59 73 21
60 56 0
60 12 20
61 12 32
61 25 5
62 52 16
62 57 49
63 9 10
63 20 44
64 47 21
64 25 13
65 72 24
65 77 12
66 63 3
66 69 3
67 5 18
67 27 35
68 49 42
68 60 49
69 58 23
69 16 1
70 54 0
70 50 30
71 62 26
71 60 10
72 59 30
72 37 33
73 11 37
73 17 6
74 56 24
74 0 28
75 47 5
75 44 34
76 58 10
76 8 8
77 44 9
77 40 48
78 1 22
78 25 38
79 9 25
79 6 18
80 40 23
80 52 46
