0 36 13
0 262 24
0 465 4
1 641 14
1 590 44
1 180 50
2 525 2
2 298 41
2 151 27
3 218 40
3 485 21
3 424 17
4 246 9
4 15 25
4 472 50
5 532 20
5 612 23
5 538 15
6 253 27
6 191 48
6 700 38
7 720 29
7 360 49
7 238 13
8 221 13
8 412 5
8 329 10
9 311 45
9 224 15
9 430 41
10 495 29
10 380 50
10 75 4
11 322 12
11 272 19
11 420 42
12 510 50
12 271 21
12 382 38
13 527 38
13 547 23
13 138 0
14 182 50
14 393 5
14 234 13
15 429 24
15 633 33
15 378 25
16 422 25
16 435 23
16 713 36
17 178 46
17 288 22
17 271 13
18 170 46
18 692 7
18 129 27
19 702 32
19 155 15
19 686 22
20 113 10
20 614 36
20 439 31
21 486 46
21 471 13
21 568 34
22 614 6
22 584 24
22 350 48
23 185 33
23 258 15
23 645 17
24 724 15
24 652 28
24 100 10
25 239 30
25 646 31
25 117 3
26 450 48
26 304 33
26 157 17
27 5 47
27 70 2
27 267 8
28 677 16
28 393 49
28 629 35
29 148 25
29 158 0
29 93 34
30 596 7
30 608 46
30 370 33
31 676 2
31 454 22
31 2 47
32 74 50
32 584 44
32 457 42
33 529 7
33 430 45
33 609 35
34 593 22
34 113 33
34 510 4
35 361 37
35 97 6
35 512 42
36 608 20
36 452 15
36 389 18
37 346 5
37 575 33
37 584 8
38 701 14
38 552 40
38 44 28
39 105 47
39 520 42
39 220 17
40 103 11
40 96 6
40 170 39
41 38 11
41 346 10
41 364 49
42 587 0
42 516 0
42 570 23
43 620 39
43 279 11
43 215 21
44 685 27
44 715 30
44 428 11
45 126 9
45 237 21
45 22 25
46 530 22
46 492 23
46 543 12
47 526 42
47 199 13
47 255 11
48 395 27
48 81 3
48 545 45
49 687 21
49 168 17
49 234 17
50 15 46
50 67 49
50 150 45
51 657 4
51 689 30
51 649 18
52 241 49
52 411 5
52 136 30
53 211 42
53 161 28
53 691 47
54 80 29
54 527 50
54 308 21
55 579 47
55 31 17
55 119 46
56 13 48
56 643 26
56 623 17
57 395 50
57 335 16
57 650 12
58 13 20
58 29 43
58 192 27
59 195 5
59 321 43
59 536 40
60 356 26
60 479 22
60 669 17
61 185 36
61 651 4
61 570 8
62 366 2
62 125 17
62 133 9
63 552 11
63 19 22
63 641 21
64 551 13
64 85 23
64 496 28
65 486 36
65 300 45
65 329 48
66 340 24
66 177 24
66 101 8
67 118 22
67 579 30
67 78 39
68 436 45
68 169 15
68 145 27
69 11 39
69 140 44
69 569 30
70 53 14
70 140 12
70 505 32
71 86 22
71 723 25
71 587 49
72 684 47
72 25 20
72 307 24
73 495 2
73 492 12
73 153 33
74 719 46
74 352 45
74 534 1
75 9 8
75 690 33
75 370 40
76 513 29
76 340 40
76 40 33
77 152 10
77 396 2
77 207 38
78 134 6
78 397 7
78 579 43
79 474 37
79 528 6
79 541 34
80 550 10
80 58 42
80 432 16
81 469 34
81 514 9
81 162 42
82 677 47
82 702 12
82 97 35
83 500 20
83 267 12
83 482 20
84 9 1
84 222 22
84 96 27
85 685 43
85 350 44
85 261 11
86 72 3
86 181 7
86 149 47
87 557 43
87 40 50
87 507 8
88 14 27
88 101 25
88 554 14
89 85 0
89 246 18
89 137 4
90 702 14
90 262 28
90 366 27
91 639 28
91 640 5
91 277 28
92 348 50
92 129 37
92 202 43
93 306 1
93 67 24
93 522 18
94 667 6
94 52 7
94 502 4
95 464 22
95 64 18
95 705 47
96 486 11
96 145 45
96 273 32
97 562 40
97 640 1
97 145 15
98 171 15
98 416 32
98 576 49
99 395 31
99 318 45
99 297 31
100 614 25
100 112 45
100 380 14
101 78 13
101 453 9
101 66 9
102 676 37
102 381 6
102 675 43
103 630 47
103 3 30
103 711 23
104 153 30
104 291 6
104 368 47
105 406 2
105 393 5
105 435 23
106 74 40
106 567 30
106 578 14
107 410 21
107 335 0
107 305 39
108 299 2
108 168 17
108 525 21
109 244 39
109 449 19
109 224 35
110 498 45
110 36 20
110 45 45
111 655 15
111 105 32
111 425 1
112 546 48
112 155 37
112 93 31
113 361 0
113 196 46
113 18 46
114 185 45
114 449 10
114 44 0
115 530 42
115 708 26
115 163 28
116 135 43
116 101 50
116 299 30
117 214 25
117 39 22
117 463 47
118 419 41
118 551 7
118 677 49
119 316 4
119 724 14
119 228 11
120 263 34
120 154 5
120 138 13
121 423 45
121 230 21
121 529 40
122 489 1
122 497 21
122 424 48
123 707 38
123 92 9
123 280 23
124 554 32
124 280 36
124 45 22
125 649 20
125 17 29
125 612 25
126 276 0
126 457 0
126 173 46
127 532 24
127 93 29
127 719 34
128 227 16
128 95 4
128 342 40
129 275 11
129 215 47
129 26 18
130 721 26
130 129 4
130 294 24
131 172 21
131 102 39
131 117 21
132 13 37
132 133 9
132 497 1
133 548 31
133 9 43
133 413 32
134 585 38
134 668 39
134 551 23
135 281 21
135 128 9
135 191 41
136 597 31
136 212 32
136 717 45
137 225 36
137 113 7
137 30 49
138 631 31
138 432 25
138 368 25
139 427 41
139 689 10
139 212 39
140 3 7
140 433 29
140 444 24
141 138 42
141 214 19
141 537 23
142 653 37
142 410 9
142 543 1
143 121 22
143 707 34
143 669 31
144 683 21
144 409 9
144 407 41
145 651 13
145 284 22
145 80 15
146 685 6
146 648 8
146 262 4
147 723 33
147 140 12
147 90 35
148 206 35
148 498 25
148 277 15
149 680 25
149 555 37
149 655 29
150 654 9
150 265 7
150 604 38
151 387 3
151 637 0
151 612 9
152 315 36
152 673 25
152 216 31
153 573 38
153 407 25
153 418 44
154 353 50
154 354 28
154 614 18
155 55 48
155 116 43
155 452 0
156 345 45
156 78 15
156 354 31
157 373 44
157 91 35
157 716 22
158 400 37
158 610 32
158 624 16
159 260 41
159 185 23
159 327 44
160 380 50
160 644 32
160 170 38
161 9 22
161 208 9
161 487 4
162 83 6
162 712 8
162 96 23
163 691 34
163 272 32
163 71 49
164 706 15
164 450 32
164 91 17
165 75 1
165 287 4
165 705 3
166 521 30
166 413 45
166 14 1
167 348 6
167 491 43
167 479 4
168 374 17
168 498 24
168 493 11
169 108 44
169 360 13
169 554 20
170 274 18
170 95 37
170 167 5
171 705 3
171 718 50
171 223 33
172 383 0
172 377 24
172 304 43
173 634 24
173 214 46
173 227 49
174 550 3
174 326 44
174 153 33
175 605 4
175 44 37
175 488 31
176 10 9
176 178 4
176 164 43
177 555 14
177 715 35
177 93 9
178 183 19
178 312 22
178 556 33
179 719 19
179 325 46
179 422 47
180 114 40
180 672 41
180 541 38
181 552 12
181 571 25
181 5 42
182 578 11
182 572 14
182 480 42
183 234 1
183 688 36
183 37 6
184 630 39
184 303 2
184 324 22
185 297 43
185 670 1
185 644 36
186 176 49
186 106 11
186 108 32
187 89 29
187 526 17
187 676 9
188 233 37
188 291 25
188 113 3
189 227 35
189 364 49
189 129 45
190 265 15
190 335 19
190 556 23
191 345 32
191 276 30
191 71 25
192 404 37
192 52 30
192 693 14
193 144 31
193 406 40
193 589 20
194 5 2
194 238 46
194 91 12
195 336 48
195 262 49
195 543 22
196 540 23
196 271 36
196 37 39
197 321 12
197 503 2
197 85 10
198 7 12
198 402 50
198 650 6
199 299 17
199 721 48
199 87 46
200 696 11
200 616 23
200 721 11
201 110 42
201 494 47
201 121 21
202 685 40
202 120 41
202 133 30
203 89 34
203 120 10
203 531 35
204 711 15
204 223 33
204 161 4
205 528 4
205 137 4
205 484 46
206 126 49
206 100 35
206 337 17
207 165 39
207 498 0
207 507 13
208 475 37
208 198 28
208 431 39
209 722 48
209 250 49
209 210 27
210 7 18
210 633 14
210 718 21
211 178 1
211 658 20
211 351 4
212 367 10
212 715 10
212 725 27
213 345 4
213 134 3
213 375 34
214 351 0
214 388 10
214 378 47
215 626 25
215 224 20
215 493 37
216 358 46
216 457 27
216 248 35
217 611 21
217 580 20
217 197 49
218 572 6
218 725 4
218 587 40
219 279 12
219 506 7
219 180 23
220 625 48
220 4 16
220 365 34
221 357 11
221 295 37
221 452 19
222 163 37
222 435 49
222 66 3
223 245 10
223 246 50
223 235 10
224 429 39
224 300 29
224 205 28
225 682 3
225 653 24
225 463 0
226 699 12
226 178 14
226 494 39
227 668 35
227 221 30
227 647 41
228 336 45
228 122 50
228 213 35
229 627 50
229 292 18
229 537 33
230 295 42
230 71 20
230 646 47
231 362 28
231 387 43
231 680 48
232 300 46
232 725 34
232 98 23
233 138 44
233 244 13
233 640 46
234 624 45
234 636 44
234 179 16
235 43 42
235 610 7
235 67 9
236 539 35
236 607 0
236 100 29
237 400 36
237 398 47
237 157 2
238 262 23
238 222 15
238 602 39
239 184 24
239 232 42
239 403 18
240 301 26
240 683 2
240 596 37
241 263 48
241 78 25
241 602 32
242 208 27
242 635 38
242 301 47
243 435 39
243 645 34
243 385 16
244 233 46
244 242 12
244 317 6
245 397 29
245 35 47
245 221 9
246 439 1
246 457 11
246 535 0
247 172 20
247 422 47
247 531 40
248 708 7
248 117 50
248 210 8
249 88 25
249 393 24
249 239 14
250 560 44
250 599 37
250 483 40
251 229 24
251 274 0
251 101 8
252 404 19
252 272 49
252 336 49
253 397 33
253 100 45
253 549 3
254 170 10
254 641 45
254 1 12
255 605 23
255 659 46
255 123 13
256 652 34
256 352 11
256 68 11
257 414 17
257 235 46
257 727 30
258 525 47
258 575 19
258 513 9
259 319 44
259 311 7
259 19 12
260 487 17
260 284 48
260 619 15
261 83 21
261 467 34
261 239 17
262 15 21
262 438 8
262 314 9
263 190 13
263 407 29
263 535 45
264 643 10
264 260 43
264 482 8
265 139 19
265 358 43
265 591 46
266 132 39
266 299 45
266 466 37
267 183 38
267 360 25
267 259 19
268 563 2
268 291 2
268 109 43
269 282 43
269 275 22
269 349 44
270 594 44
270 190 39
270 415 47
271 515 37
271 238 15
271 42 14
272 29 39
272 527 17
272 206 21
273 439 44
273 235 14
273 112 37
274 260 45
274 530 22
274 20 25
275 238 21
275 160 14
275 654 36
276 398 30
276 292 28
276 524 41
277 32 35
277 206 14
277 338 33
278 141 19
278 600 35
278 214 23
279 575 39
279 628 21
279 675 44
280 419 10
280 242 28
280 138 39
281 137 36
281 541 40
281 233 6
282 514 29
282 555 49
282 306 32
283 366 11
283 245 28
283 360 44
284 378 8
284 62 4
284 182 5
285 241 44
285 72 11
285 187 4
286 544 15
286 389 45
286 653 27
287 159 23
287 121 33
287 667 10
288 474 29
288 567 5
288 512 20
289 584 9
289 562 6
289 634 7
290 721 48
290 192 2
290 354 30
291 324 23
291 233 20
291 348 7
292 160 3
292 724 12
292 579 6
293 649 0
293 691 44
293 703 32
294 13 9
294 460 10
294 683 30
295 339 45
295 160 22
295 35 3
296 361 48
296 295 33
296 458 10
297 698 12
297 517 43
297 265 36
298 137 40
298 14 31
298 178 34
299 675 14
299 345 24
299 27 0
300 510 16
300 477 5
300 309 39
301 246 7
301 366 40
301 575 40
302 632 18
302 263 11
302 529 9
303 629 40
303 512 27
303 248 22
304 210 44
304 501 18
304 656 6
305 49 26
305 408 27
305 687 37
306 110 20
306 406 0
306 613 35
307 209 13
307 502 32
307 223 41
308 652 14
308 207 3
308 527 27
309 583 38
309 686 38
309 478 41
310 28 49
310 296 12
310 208 37
311 647 32
311 601 16
311 143 16
312 399 44
312 359 0
312 673 46
313 357 21
313 384 6
313 383 30
314 410 1
314 253 42
314 440 11
315 293 10
315 671 2
315 403 20
316 7 9
316 500 7
316 426 24
317 5 3
317 701 12
317 674 45
318 103 1
318 220 48
318 558 50
319 625 10
319 89 9
319 475 35
320 522 48
320 239 17
320 431 23
321 219 0
321 4 29
321 0 46
322 193 5
322 561 10
322 272 31
323 255 49
323 728 13
323 387 16
324 173 24
324 339 34
324 531 16
325 659 38
325 98 11
325 715 7
326 614 13
326 514 24
326 267 50
327 332 11
327 358 18
327 329 46
328 447 29
328 269 2
328 26 17
329 364 43
329 207 41
329 411 23
330 725 10
330 611 21
330 237 10
331 516 43
331 0 12
331 719 17
332 112 21
332 205 49
332 115 43
333 674 43
333 568 13
333 554 35
334 448 37
334 466 14
334 148 1
335 293 13
335 662 16
335 301 31
336 273 27
336 217 34
336 423 38
337 663 3
337 608 43
337 453 22
338 705 15
338 483 38
338 710 11
339 257 19
339 231 45
339 643 41
340 21 12
340 423 40
340 330 31
341 348 18
341 138 37
341 724 44
342 112 19
342 216 7
342 724 43
343 48 11
343 313 14
343 284 31
344 513 46
344 22 5
344 342 5
345 601 33
345 208 17
345 498 43
346 343 2
346 325 37
346 650 25
347 104 0
347 91 45
347 669 44
348 515 50
348 690 15
348 94 1
349 354 4
349 144 37
349 79 15
350 272 40
350 155 16
350 154 11
351 580 5
351 317 16
351 394 1
352 450 34
352 122 12
352 388 36
353 574 40
353 225 0
353 129 12
354 267 24
354 263 44
354 480 24
355 422 5
355 469 15
355 222 35
356 539 27
356 0 15
356 13 4
357 7 25
357 681 5
357 129 37
358 529 11
358 651 19
358 675 3
359 460 43
359 723 22
359 427 21
360 379 29
360 468 12
360 313 0
361 705 30
361 687 9
361 306 31
362 698 14
362 428 38
362 445 26
363 498 2
363 407 37
363 453 47
364 317 12
364 339 37
364 625 2
365 704 49
365 510 43
365 605 8
366 524 26
366 392 37
366 493 2
367 686 42
367 301 17
367 657 23
368 555 35
368 456 40
368 600 10
369 434 48
369 644 14
369 313 34
370 707 34
370 499 50
370 452 38
371 68 7
371 105 48
371 124 6
372 703 48
372 608 16
372 544 36
373 78 6
373 350 21
373 512 19
374 619 40
374 631 21
374 562 9
375 326 5
375 576 29
375 115 20
376 541 6
376 15 15
376 236 22
377 125 16
377 523 33
377 709 18
378 428 7
378 223 2
378 539 5
379 373 35
379 645 43
379 85 22
380 321 30
380 464 21
380 722 38
381 199 46
381 141 46
381 29 43
382 297 2
382 162 10
382 649 9
383 177 15
383 334 38
383 170 13
384 369 3
384 100 12
384 723 24
385 52 10
385 23 4
385 664 39
386 84 17
386 92 11
386 695 47
387 315 37
387 109 50
387 502 49
388 643 19
388 461 19
388 302 8
389 161 41
389 294 44
389 550 41
390 223 21
390 428 37
390 229 26
391 535 6
391 384 17
391 362 8
392 582 44
392 420 25
392 723 2
393 301 47
393 367 48
393 575 48
394 641 32
394 366 35
394 141 3
395 701 31
395 481 5
395 0 2
396 163 19
396 4 48
396 544 18
397 528 39
397 14 14
397 328 18
398 457 13
398 617 41
398 324 5
399 374 13
399 32 27
399 454 2
400 627 32
400 521 47
400 260 37
401 391 0
401 200 36
401 115 42
402 378 50
402 230 9
402 612 50
403 73 22
403 546 21
403 527 9
404 601 14
404 614 14
404 611 13
405 714 30
405 448 27
405 109 23
406 501 50
406 306 24
406 383 32
407 157 31
407 58 42
407 87 29
408 683 12
408 262 42
408 597 11
409 671 39
409 719 44
409 691 23
410 336 2
410 677 42
410 483 18
411 166 42
411 440 16
411 598 37
412 641 47
412 728 36
412 530 29
413 216 25
413 494 22
413 343 27
414 350 0
414 685 19
414 500 50
415 684 11
415 558 47
415 528 23
416 710 37
416 610 6
416 79 29
417 97 43
417 236 2
417 404 47
418 706 40
418 277 28
418 230 15
419 358 17
419 196 49
419 241 48
420 72 0
420 284 19
420 367 34
421 128 35
421 12 3
421 686 5
422 359 45
422 659 23
422 415 20
423 359 19
423 180 5
423 289 14
424 262 35
424 156 1
424 425 14
425 251 9
425 289 47
425 200 31
426 328 32
426 668 38
426 656 10
427 64 12
427 177 6
427 622 30
428 253 40
428 294 39
428 15 6
429 716 46
429 151 33
429 409 38
430 638 7
430 22 31
430 283 50
431 314 16
431 65 25
431 484 35
432 12 30
432 88 44
432 284 50
433 77 15
433 619 0
433 325 32
434 562 12
434 705 31
434 465 10
435 278 48
435 211 33
435 113 33
436 248 33
436 654 41
436 558 8
437 141 31
437 457 1
437 203 1
438 82 20
438 657 14
438 629 46
439 134 29
439 297 48
439 544 49
440 212 33
440 534 37
440 153 10
441 262 46
441 128 7
441 100 3
442 12 14
442 527 14
442 270 30
443 166 45
443 596 35
443 517 26
444 49 28
444 603 29
444 535 0
445 176 7
445 606 6
445 562 8
446 627 33
446 22 23
446 496 16
447 416 46
447 441 28
447 609 44
448 161 30
448 606 48
448 616 9
449 691 27
449 13 36
449 179 15
450 47 12
450 475 11
450 669 37
451 45 4
451 72 39
451 683 9
452 261 42
452 135 2
452 624 12
453 393 36
453 79 19
453 239 3
454 107 8
454 264 23
454 86 19
455 168 0
455 347 14
455 429 16
456 91 44
456 411 5
456 319 17
457 396 28
457 340 0
457 292 40
458 650 11
458 284 20
458 327 5
459 672 17
459 12 50
459 533 9
460 51 15
460 518 50
460 226 25
461 118 38
461 563 2
461 501 41
462 671 20
462 508 17
462 56 14
463 410 7
463 555 40
463 613 23
464 712 21
464 197 8
464 231 39
465 77 40
465 102 29
465 268 10
466 167 22
466 467 24
466 67 38
467 699 19
467 349 25
467 570 38
468 349 46
468 728 18
468 321 21
469 681 8
469 181 38
469 256 15
470 511 24
470 381 26
470 514 9
471 266 22
471 145 20
471 539 19
472 663 39
472 376 41
472 620 18
473 14 40
473 409 3
473 706 9
474 380 29
474 190 31
474 431 41
475 248 10
475 721 0
475 523 31
476 248 29
476 300 42
476 560 8
477 618 47
477 666 46
477 491 49
478 539 47
478 503 39
478 33 29
479 513 49
479 132 8
479 304 33
480 391 15
480 349 19
480 547 14
481 335 16
481 181 0
481 179 49
482 432 2
482 427 4
482 152 49
483 289 12
483 278 35
483 145 29
484 650 20
484 716 34
484 454 20
485 326 6
485 277 20
485 395 0
486 320 36
486 474 12
486 383 5
487 198 33
487 581 12
487 332 42
488 47 0
488 263 46
488 87 47
489 234 3
489 376 18
489 608 43
490 595 19
490 14 25
490 6 6
491 278 18
491 8 18
491 61 2
492 618 31
492 25 36
492 107 8
493 586 44
493 325 20
493 433 50
494 619 38
494 338 19
494 651 8
495 683 12
495 232 33
495 636 22
496 291 6
496 528 48
496 556 32
497 134 6
497 156 47
497 654 8
498 728 23
498 343 14
498 43 36
499 684 10
499 569 18
499 276 31
500 423 30
500 466 36
500 719 14
501 13 15
501 31 5
501 561 16
502 343 36
502 546 26
502 316 38
503 377 44
503 6 32
503 614 18
504 64 29
504 345 2
504 178 50
505 585 5
505 103 10
505 254 13
506 530 30
506 667 37
506 215 31
507 415 46
507 424 47
507 636 39
508 270 6
508 537 49
508 11 5
509 518 34
509 60 17
509 153 12
510 192 47
510 208 34
510 228 5
511 50 29
511 112 21
511 1 35
512 409 32
512 480 41
512 602 44
513 80 50
513 546 31
513 371 6
514 496 23
514 435 42
514 456 5
515 691 4
515 403 4
515 50 0
516 428 28
516 725 38
516 543 44
517 392 47
517 344 6
517 566 19
518 54 43
518 406 46
518 381 38
519 661 13
519 142 26
519 203 20
520 449 43
520 600 3
520 585 45
521 337 37
521 372 23
521 506 2
522 584 5
522 442 23
522 285 22
523 527 50
523 141 16
523 685 46
524 286 41
524 225 24
524 549 16
525 376 27
525 620 43
525 638 27
526 607 3
526 548 38
526 575 25
527 719 39
527 3 32
527 617 33
528 73 36
528 6 8
528 636 13
529 316 19
529 295 4
529 619 33
530 81 14
530 518 43
530 101 24
531 244 23
531 720 18
531 68 41
532 558 32
532 557 32
532 684 48
533 696 47
533 291 22
533 401 43
534 126 24
534 571 6
534 411 29
535 182 36
535 627 37
535 628 8
536 154 45
536 279 19
536 392 38
537 397 12
537 227 3
537 474 28
538 193 19
538 127 11
538 4 17
539 692 40
539 241 0
539 450 50
540 628 0
540 533 8
540 257 32
541 3 2
541 159 47
541 262 31
542 283 41
542 503 17
542 367 47
543 411 34
543 719 29
543 605 30
544 683 30
544 501 8
544 40 16
545 82 8
545 398 47
545 487 12
546 346 50
546 382 22
546 182 14
547 430 25
547 536 36
547 100 39
548 633 8
548 607 47
548 364 24
549 343 7
549 55 15
549 338 32
550 691 41
550 390 45
550 648 30
551 273 44
551 359 17
551 379 11
552 656 26
552 100 12
552 645 31
553 523 47
553 164 26
553 329 4
554 411 45
554 450 24
554 281 35
555 559 24
555 704 30
555 250 1
556 161 27
556 369 32
556 505 38
557 388 45
557 399 41
557 681 38
558 147 35
558 701 45
558 110 9
559 230 18
559 75 0
559 508 1
560 417 49
560 514 38
560 602 20
561 368 22
561 280 29
561 428 36
562 66 39
562 634 29
562 660 18
563 45 10
563 398 24
563 625 11
564 234 8
564 352 1
564 297 12
565 395 40
565 273 41
565 655 8
566 529 42
566 694 15
566 138 49
567 364 15
567 177 25
567 285 35
568 507 24
568 618 28
568 239 22
569 555 28
569 51 25
569 36 30
570 134 24
570 54 3
570 310 45
571 342 46
571 628 13
571 306 8
572 326 14
572 15 8
572 44 44
573 619 41
573 186 41
573 129 16
574 261 49
574 515 28
574 543 0
575 147 15
575 645 20
575 683 33
576 499 22
576 455 6
576 463 44
577 635 30
577 5 19
577 139 47
578 268 28
578 468 50
578 174 4
579 192 36
579 181 2
579 496 16
580 323 44
580 653 25
580 609 0
581 692 25
581 414 25
581 654 37
582 231 32
582 77 46
582 496 11
583 108 24
583 394 24
583 432 14
584 396 38
584 364 24
584 461 49
585 647 42
585 399 42
585 411 49
586 437 39
586 579 41
586 142 20
587 543 45
587 520 2
587 210 11
588 246 2
588 75 1
588 58 20
589 59 12
589 479 29
589 333 30
590 33 19
590 243 48
590 331 42
591 592 49
591 12 13
591 87 34
592 366 46
592 692 45
592 537 17
593 564 0
593 251 20
593 603 26
594 26 14
594 84 12
594 349 14
595 573 24
595 57 36
595 646 41
596 71 8
596 360 47
596 701 16
597 547 40
597 286 40
597 472 8
598 232 4
598 128 21
598 701 43
599 548 42
599 569 41
599 710 7
600 248 10
600 546 25
600 406 32
601 486 25
601 508 34
601 150 45
602 298 50
602 67 49
602 31 37
603 621 27
603 210 26
603 108 9
604 435 16
604 595 48
604 256 14
605 582 22
605 512 24
605 699 35
606 218 14
606 27 5
606 167 50
607 256 7
607 203 10
607 556 38
608 651 21
608 275 22
608 233 2
609 308 13
609 409 2
609 351 48
610 459 26
610 418 45
610 204 18
611 595 20
611 424 41
611 670 25
612 182 43
612 545 32
612 454 28
613 66 13
613 234 15
613 174 41
614 527 34
614 355 21
614 27 9
615 247 3
615 632 41
615 133 37
616 81 29
616 107 24
616 345 19
617 86 20
617 24 36
617 63 0
618 712 0
618 669 27
618 38 43
619 129 15
619 688 25
619 645 9
620 156 13
620 292 49
620 527 34
621 186 42
621 91 22
621 357 36
622 605 27
622 632 47
622 143 48
623 673 49
623 552 14
623 204 13
624 484 34
624 308 19
624 176 25
625 47 31
625 338 50
625 389 4
626 309 49
626 477 18
626 590 16
627 413 32
627 349 9
627 623 50
628 499 8
628 673 21
628 369 26
629 349 43
629 303 30
629 400 13
630 427 11
630 93 49
630 480 46
631 423 24
631 485 10
631 352 5
632 300 15
632 253 2
632 118 37
633 121 41
633 146 18
633 260 10
634 551 32
634 95 12
634 304 33
635 85 30
635 135 24
635 59 33
636 485 39
636 152 24
636 471 26
637 29 47
637 438 9
637 224 50
638 97 44
638 207 24
638 492 34
639 377 43
639 132 18
639 4 8
640 607 23
640 498 23
640 179 49
641 563 2
641 602 26
641 570 17
642 169 28
642 636 17
642 158 7
643 568 30
643 8 27
643 78 22
644 463 47
644 390 15
644 290 37
645 621 17
645 523 38
645 371 18
646 263 7
646 183 21
646 266 29
647 92 0
647 167 48
647 110 0
648 699 45
648 418 8
648 19 3
649 136 39
649 16 20
649 238 3
650 581 14
650 515 49
650 63 14
651 528 6
651 561 28
651 572 38
652 530 6
652 86 31
652 167 24
653 634 14
653 537 6
653 98 47
654 326 2
654 304 45
654 554 42
655 478 46
655 274 9
655 68 28
656 128 16
656 508 39
656 154 47
657 525 16
657 321 15
657 211 1
658 423 49
658 31 32
658 216 39
659 119 4
659 678 13
659 2 48
660 591 31
660 531 31
660 335 47
661 264 9
661 615 45
661 97 12
662 652 36
662 325 14
662 490 41
663 219 15
663 487 9
663 542 3
664 487 34
664 628 23
664 427 5
665 378 48
665 315 30
665 77 38
666 654 37
666 192 48
666 255 33
667 412 28
667 114 39
667 337 7
668 479 2
668 517 43
668 103 29
669 444 48
669 65 46
669 380 43
670 637 18
670 605 14
670 521 44
671 179 13
671 117 2
671 219 32
672 0 49
672 346 10
672 116 25
673 23 50
673 262 42
673 271 45
674 39 8
674 52 42
674 459 48
675 495 6
675 447 25
675 445 24
676 518 30
676 25 21
676 582 9
677 331 8
677 125 13
677 711 29
678 280 37
678 437 5
678 8 22
679 33 46
679 420 30
679 401 22
680 20 40
680 140 10
680 608 25
681 607 50
681 289 43
681 46 18
682 512 10
682 7 41
682 603 1
683 232 12
683 177 30
683 453 15
684 513 2
684 527 13
684 147 3
685 161 34
685 320 15
685 459 18
686 389 47
686 414 4
686 47 26
687 461 36
687 511 3
687 114 40
688 504 22
688 632 7
688 106 9
689 441 33
689 284 50
689 97 28
690 305 22
690 506 28
690 644 13
691 685 19
691 269 9
691 316 7
692 318 22
692 650 12
692 145 15
693 524 46
693 193 5
693 429 43
694 52 42
694 616 3
694 263 27
695 15 15
695 610 1
695 249 1
696 8 39
696 194 44
696 452 43
697 702 20
697 455 23
697 13 20
698 715 44
698 472 25
698 453 42
699 41 40
699 681 22
699 248 12
700 607 42
700 147 39
700 356 37
701 509 40
701 670 21
701 124 23
702 595 17
702 545 9
702 175 49
703 373 18
703 414 3
703 365 9
704 94 35
704 474 15
704 66 47
705 279 34
705 6 27
705 603 3
706 340 34
706 640 23
706 377 46
707 218 43
707 171 45
707 88 40
708 406 25
708 436 41
708 565 8
709 707 31
709 420 29
709 102 44
710 532 5
710 105 34
710 309 30
711 609 10
711 699 2
711 520 8
712 476 20
712 471 27
712 391 28
713 614 11
713 688 6
713 35 14
714 304 21
714 230 3
714 340 7
715 349 31
715 261 39
715 707 42
716 37 36
716 166 17
716 426 47
717 364 35
717 141 14
717 721 5
718 195 39
718 99 26
718 245 8
719 633 47
719 489 44
719 305 49
720 72 7
720 628 21
720 416 39
721 61 40
721 305 36
721 577 21
722 426 44
722 679 25
722 470 46
723 441 11
723 527 2
723 593 5
724 508 18
724 453 11
724 321 13
725 146 39
725 691 41
725 439 2
726 438 19
726 448 6
726 187 18
727 141 23
727 358 15
727 521 38
728 716 23
728 87 14
728 655 34
