0 110 8
0 10 0
1 7 44
1 94 18
2 229 16
2 207 13
3 89 34
3 24 27
4 190 2
4 66 0
5 141 14
5 9 13
6 123 48
6 168 15
7 189 23
7 83 2
8 108 7
8 75 9
9 28 45
9 208 20
10 42 32
10 9 37
11 99 5
11 144 36
12 231 9
12 139 34
13 20 30
13 236 41
14 78 11
14 156 41
15 166 14
15 115 28
16 200 2
16 110 21
17 183 43
17 215 12
18 115 20
18 97 25
19 210 42
19 28 2
20 212 38
20 129 9
21 7 25
21 53 24
22 127 50
22 11 34
23 198 4
23 178 43
24 104 9
24 180 22
25 44 14
25 231 3
26 14 27
26 180 38
27 159 38
27 103 10
28 113 48
28 11 47
29 163 39
29 178 38
30 120 34
30 18 32
31 185 18
31 78 9
32 121 27
32 72 22
33 29 22
33 180 33
34 166 50
34 94 42
35 128 6
35 154 12
36 123 35
36 68 45
37 9 13
37 235 45
38 238 10
38 63 8
39 47 6
39 33 18
40 0 40
40 109 43
41 204 29
41 40 18
42 131 6
42 103 9
43 206 2
43 20 30
44 239 26
44 158 26
45 123 44
45 137 30
46 197 12
46 106 18
47 23 39
47 48 9
48 227 34
48 129 17
49 145 33
49 238 46
50 204 45
50 158 20
51 92 20
51 25 13
52 103 14
52 46 11
53 97 9
53 199 37
54 66 11
54 119 19
55 159 48
55 7 20
56 161 41
56 66 17
57 112 49
57 160 39
58 217 13
58 68 35
59 68 4
59 183 32
60 68 46
60 198 46
61 163 4
61 214 20
62 156 45
62 120 19
63 210 4
63 25 1
64 202 23
64 171 0
65 181 15
65 165 21
66 183 27
66 174 5
67 115 4
67 224 5
68 154 8
68 229 22
69 128 32
69 142 44
70 135 19
70 9 26
71 47 15
71 110 13
72 36 7
72 4 15
73 190 34
73 107 4
74 17 27
74 106 34
75 164 36
75 51 8
76 222 20
76 145 3
77 61 17
77 142 36
78 217 46
78 37 16
79 94 27
79 218 11
80 23 17
80 154 21
81 2 4
81 175 37
82 225 26
82 39 15
83 117 16
83 97 28
84 124 25
84 219 50
85 154 17
85 101 47
86 230 49
86 68 26
87 169 11
87 232 7
88 188 50
88 35 8
89 154 34
89 158 29
90 129 1
90 176 30
91 221 5
91 85 43
92 168 16
92 20 49
93 169 0
93 161 15
94 61 29
94 13 13
95 179 10
95 216 46
96 55 11
96 89 32
97 135 40
97 127 46
98 156 42
98 199 6
99 1 44
99 149 34
100 178 12
100 224 25
101 27 12
101 228 31
102 208 8
102 112 19
103 75 2
103 140 21
104 150 22
104 176 22
105 45 17
105 230 7
106 72 0
106 116 33
107 78 14
107 46 8
108 155 16
108 160 12
109 121 44
109 226 10
110 234 44
110 31 21
111 187 27
111 119 6
112 205 43
112 177 42
113 127 37
113 7 9
114 61 40
114 228 15
115 137 40
115 36 5
116 46 20
116 139 39
117 65 12
117 170 17
118 197 46
118 180 6
119 23 5
119 106 46
120 141 38
120 237 5
121 115 50
121 65 7
122 126 49
122 98 10
123 63 18
123 193 50
124 14 24
124 81 11
125 8 16
125 86 12
126 201 31
126 16 15
127 132 7
127 149 37
128 84 22
128 214 27
129 113 25
129 120 36
130 135 3
130 118 5
131 56 46
131 213 10
132 162 44
132 210 49
133 208 44
133 80 30
134 218 4
134 215 22
135 143 13
135 50 47
136 193 13
136 187 31
137 222 14
137 183 0
138 6 0
138 113 41
139 157 31
139 36 27
140 131 20
140 44 3
141 203 24
141 229 38
142 50 5
142 230 11
143 124 28
143 56 12
144 222 33
144 215 48
145 55 28
145 128 38
146 206 2
146 137 36
147 4 3
147 81 12
148 223 50
148 35 11
149 128 42
149 198 15
150 224 34
150 205 8
151 75 37
151 155 30
152 119 27
152 164 23
153 70 46
153 197 25
154 192 11
154 146 18
155 208 38
155 172 43
156 185 43
156 210 34
157 194 27
157 20 44
158 68 28
158 77 42
159 119 41
159 2 8
160 161 30
160 234 30
161 188 36
161 132 21
162 40 26
162 135 4
163 110 33
163 185 1
164 159 17
164 143 26
165 130 47
165 39 15
166 83 40
166 187 18
167 65 49
167 92 11
168 189 11
168 58 0
169 108 48
169 158 4
170 198 18
170 52 32
171 38 41
171 104 16
172 68 1
172 88 14
173 102 41
173 162 20
174 162 18
174 226 18
175 72 29
175 148 7
176 47 17
176 188 30
177 106 0
177 113 3
178 60 33
178 35 6
179 86 38
179 89 25
180 140 39
180 232 38
181 89 9
181 194 49
182 56 29
182 172 13
183 78 31
183 210 1
184 156 25
184 126 26
185 134 34
185 138 22
186 199 33
186 88 43
187 29 2
187 233 6
188 96 40
188 240 32
189 125 37
189 45 19
190 102 20
190 104 2
191 197 2
191 99 25
192 72 30
192 226 49
193 44 9
193 225 11
194 79 1
194 127 8
195 214 34
195 205 44
196 103 10
196 49 46
197 79 5
197 6 47
198 167 38
198 166 26
199 15 25
199 203 11
200 115 49
200 172 15
201 150 32
201 94 25
202 45 8
202 64 7
203 208 35
203 16 19
204 209 32
204 179 12
205 165 48
205 181 13
206 140 35
206 86 34
207 199 19
207 168 6
208 205 34
208 183 10
209 80 24
209 160 32
210 28 0
210 34 46
211 78 5
211 150 32
212 239 30
212 121 48
213 23 41
213 104 31
214 83 38
214 200 18
215 5 32
215 177 19
216 208 29
216 126 47
217 236 15
217 86 50
218 9 32
218 147 9
219 35 20
219 86 47
220 176 28
220 65 28
221 31 26
221 59 16
222 233 35
222 176 27
223 113 35
223 122 11
224 176 1
224 47 22
225 65 39
225 63 7
226 40 41
226 13 17
227 230 11
227 51 3
228 230 10
228 142 44
229 59 2
229 217 35
230 49 11
230 68 32
231 162 29
231 178 28
232 99 48
232 167 38
233 238 10
233 235 18
234 101 44
234 62 1
235 124 10
235 234 12
236 82 33
236 26 40
237 156 12
237 108 38
238 47 7
238 211 46
239 116 43
239 71 26
240 185 49
240 93 49
241 126 8
241 209 41
242 117 15
242 143 22
