0 56 38
0 77 16
1 45 1
1 44 26
2 14 1
2 21 28
3 46 26
3 16 11
4 61 49
4 58 50
5 31 25
5 35 35
6 29 38
6 8 42
7 64 12
7 58 39
8 7 25
8 62 36
9 12 1
9 21 5
10 30 26
10 1 45
11 31 26
11 50 42
12 15 40
12 0 11
13 10 17
13 61 16
14 78 10
14 23 42
15 22 10
15 41 46
16 22 8
16 12 10
17 35 15
17 59 38
18 7 0
18 27 42
19 61 11
19 55 29
20 30 26
20 38 13
21 23 16
21 58 42
22 11 47
22 49 41
23 12 9
23 60 32
24 79 10
24 68 13
25 34 24
25 56 41
26 27 43
26 9 9
27 62 47
27 19 11
28 55 12
28 73 45
29 27 16
29 58 44
30 57 21
30 27 29
31 76 33
31 21 47
32 18 5
32 12 36
33 55 12
33 2 35
34 76 37
34 67 29
35 41 12
35 39 2
36 39 20
36 73 35
37 16 24
37 68 10
38 32 44
38 41 33
39 79 21
39 3 9
40 0 11
40 43 8
41 73 38
41 30 44
42 22 22
42 76 17
43 32 7
43 49 42
44 32 13
44 36 44
45 73 49
45 23 32
46 68 33
46 15 1
47 51 21
47 35 43
48 57 1
48 2 30
49 66 26
49 60 44
50 42 42
50 61 43
51 14 7
51 46 34
52 59 6
52 34 0
53 39 14
53 62 17
54 2 49
54 14 11
55 21 27
55 32 19
56 71 9
56 17 30
57 39 36
57 53 42
58 18 2
58 61 44
59 0 6
59 45 26
60 6 2
60 50 29
61 24 25
61 75 32
62 40 12
62 27 39
63 53 49
63 44 24
64 30 28
64 56 33
65 52 40
65 68 48
66 15 24
66 42 0
67 13 22
67 74 35
68 48 12
68 79 18
69 34 27
69 40 30
70 21 10
70 39 13
71 0 49
71 52 23
72 30 38
72 16 38
73 1 36
73 67 39
74 38 36
74 13 48
75 20 5
75 37 34
76 79 43
76 42 9
77 25 40
77 61 3
78 53 29
78 3 6
79 48 39
79 62 12
80 67 30
80 66 29
