0 31 29
0 477 1
0 614 1
0 166 23
1 392 42
1 133 27
1 692 17
1 546 29
2 401 49
2 614 35
2 389 15
2 88 38
3 171 22
3 350 22
3 455 0
3 199 22
4 247 7
4 549 21
4 222 15
4 111 4
5 456 24
5 355 20
5 303 39
5 679 1
6 192 1
6 111 19
6 178 2
6 352 1
7 309 20
7 686 9
7 414 19
7 216 16
8 95 2
8 130 7
8 29 6
8 206 29
9 34 11
9 300 29
9 517 28
9 604 20
10 540 23
10 66 30
10 623 18
10 124 34
11 193 41
11 256 38
11 509 26
11 604 23
12 660 34
12 320 12
12 405 49
12 639 43
13 692 50
13 578 3
13 719 14
13 311 4
14 11 18
14 128 35
14 443 14
14 124 38
15 153 48
15 423 10
15 452 41
15 365 5
16 396 28
16 328 5
16 270 1
16 84 32
17 181 8
17 209 43
17 118 44
17 492 6
18 524 49
18 675 44
18 576 13
18 191 18
19 49 0
19 64 47
19 444 12
19 422 20
20 31 17
20 16 7
20 390 43
20 441 20
21 662 9
21 70 34
21 685 2
21 345 32
22 68 0
22 255 44
22 325 8
22 440 13
23 432 13
23 641 29
23 720 28
23 74 42
24 264 41
24 206 34
24 524 18
24 352 13
25 187 20
25 57 16
25 633 9
25 281 2
26 219 43
26 2 16
26 551 14
26 368 48
27 516 4
27 485 28
27 488 31
27 174 32
28 160 26
28 261 32
28 309 6
28 209 10
29 586 48
29 400 7
29 363 23
29 122 2
30 181 9
30 650 2
30 9 28
30 310 24
31 105 21
31 598 41
31 255 11
31 721 41
32 70 8
32 223 28
32 547 4
32 297 38
33 438 49
33 613 10
33 522 27
33 650 11
34 572 26
34 323 1
34 714 16
34 631 48
35 165 32
35 657 31
35 17 47
35 476 49
36 151 8
36 454 2
36 711 27
36 143 24
37 701 32
37 422 31
37 660 42
37 251 46
38 107 29
38 135 43
38 255 26
38 37 12
39 613 14
39 596 32
39 583 41
39 69 12
40 347 16
40 114 32
40 342 14
40 270 29
41 230 26
41 471 41
41 544 13
41 581 6
42 163 41
42 537 37
42 532 27
42 258 42
43 100 6
43 473 13
43 69 21
43 49 22
44 275 6
44 302 25
44 441 15
44 671 23
45 532 2
45 395 29
45 491 42
45 291 13
46 552 42
46 666 13
46 523 44
46 416 10
47 467 26
47 615 49
47 683 28
47 627 28
48 674 1
48 497 3
48 559 10
48 712 22
49 401 10
49 660 0
49 504 47
49 630 26
50 46 38
50 519 30
50 13 33
50 555 24
51 720 44
51 70 12
51 654 38
51 711 0
52 488 14
52 636 13
52 508 41
52 654 4
53 546 48
53 19 1
53 366 4
53 470 28
54 636 19
54 231 32
54 93 28
54 565 3
55 586 27
55 588 29
55 719 44
55 386 46
56 98 5
56 470 32
56 447 16
56 367 46
57 335 44
57 577 41
57 611 21
57 588 48
58 375 45
58 452 13
58 467 19
58 507 12
59 241 20
59 32 4
59 659 35
59 647 9
60 482 3
60 202 0
60 320 35
60 214 21
61 410 39
61 99 15
61 205 49
61 397 21
62 555 50
62 50 3
62 111 35
62 566 44
63 614 3
63 601 12
63 408 15
63 393 29
64 591 11
64 623 47
64 712 12
64 311 36
65 510 36
65 417 36
65 445 20
65 491 27
66 128 35
66 383 16
66 405 41
66 703 11
67 92 44
67 686 34
67 442 15
67 268 44
68 590 35
68 438 24
68 249 40
68 572 47
69 726 29
69 395 44
69 23 29
69 485 10
70 11 39
70 29 48
70 537 1
70 310 29
71 619 22
71 724 17
71 187 29
71 712 2
72 6 19
72 550 14
72 475 12
72 235 41
73 421 30
73 406 8
73 55 37
73 499 39
74 440 12
74 110 14
74 584 5
74 657 27
75 591 45
75 287 48
75 78 21
75 444 19
76 46 29
76 435 2
76 169 47
76 349 6
77 635 12
77 569 46
77 278 19
77 658 34
78 94 47
78 420 41
78 559 16
78 555 9
79 346 45
79 358 7
79 164 23
79 84 5
80 241 28
80 712 42
80 652 4
80 289 38
81 141 14
81 465 42
81 125 0
81 676 19
82 373 46
82 600 43
82 504 11
82 507 29
83 99 9
83 303 46
83 286 39
83 4 35
84 593 48
84 150 36
84 113 8
84 472 0
85 588 29
85 104 0
85 718 17
85 375 3
86 659 1
86 505 45
86 463 8
86 411 7
87 49 9
87 249 38
87 207 26
87 409 32
88 417 35
88 221 46
88 528 19
88 620 9
89 445 47
89 58 23
89 559 36
89 525 4
90 261 4
90 306 13
90 621 39
90 662 47
91 404 18
91 632 26
91 347 42
91 500 13
92 61 26
92 549 22
92 260 33
92 479 8
93 433 35
93 629 42
93 10 18
93 330 17
94 313 8
94 168 8
94 625 35
94 593 9
95 670 49
95 725 0
95 269 4
95 39 37
96 490 17
96 532 49
96 2 33
96 358 5
97 707 15
97 268 38
97 689 24
97 626 42
98 471 23
98 58 37
98 346 41
98 60 13
99 548 10
99 98 16
99 728 0
99 73 26
100 216 45
100 309 17
100 192 35
100 622 11
101 94 47
101 178 19
101 5 0
101 589 38
102 626 19
102 17 43
102 724 46
102 496 7
103 313 41
103 219 10
103 74 12
103 340 35
104 256 27
104 567 32
104 44 45
104 309 19
105 462 45
105 130 19
105 16 31
105 663 20
106 273 28
106 368 16
106 349 21
106 238 10
107 486 13
107 383 11
107 173 25
107 329 10
108 112 15
108 382 8
108 412 34
108 153 48
109 492 9
109 392 49
109 212 15
109 703 48
110 59 14
110 238 48
110 87 23
110 542 4
111 709 18
111 587 35
111 605 20
111 321 29
112 689 43
112 719 34
112 712 42
112 567 1
113 660 5
113 629 31
113 37 14
113 232 16
114 543 12
114 288 7
114 537 37
114 416 1
115 39 2
115 555 15
115 100 1
115 378 9
116 530 25
116 583 36
116 324 25
116 147 20
117 705 5
117 509 39
117 39 1
117 259 3
118 288 42
118 34 21
118 283 35
118 338 18
119 401 31
119 270 40
119 8 4
119 317 12
120 121 18
120 447 6
120 80 43
120 198 7
121 300 22
121 350 26
121 640 30
121 236 9
122 181 18
122 453 25
122 448 49
122 539 47
123 212 44
123 118 31
123 184 15
123 249 40
124 578 46
124 356 25
124 102 45
124 683 9
125 370 45
125 353 8
125 669 43
125 194 24
126 327 29
126 517 0
126 281 16
126 591 23
127 516 24
127 100 18
127 245 40
127 614 38
128 659 25
128 60 0
128 301 35
128 84 43
129 535 37
129 653 17
129 146 15
129 683 5
130 665 21
130 122 10
130 642 39
130 482 5
131 143 1
131 441 12
131 517 26
131 340 32
132 197 13
132 43 3
132 448 34
132 519 10
133 421 26
133 316 21
133 84 44
133 667 10
134 405 5
134 701 22
134 75 7
134 677 44
135 564 13
135 559 30
135 457 45
135 426 11
136 480 21
136 37 12
136 91 26
136 451 29
137 530 32
137 124 29
137 36 26
137 84 0
138 601 3
138 590 28
138 500 25
138 110 8
139 255 44
139 358 28
139 333 38
139 580 15
140 693 38
140 323 46
140 528 41
140 573 15
141 314 34
141 1 33
141 305 7
141 631 15
142 669 12
142 370 36
142 391 21
142 23 43
143 390 15
143 368 11
143 602 25
143 391 42
144 434 48
144 428 14
144 359 13
144 27 21
145 62 35
145 631 16
145 0 5
145 259 1
146 716 35
146 116 37
146 506 28
146 565 3
147 212 13
147 542 48
147 608 23
147 698 16
148 728 31
148 359 45
148 170 48
148 50 39
149 674 15
149 627 2
149 68 24
149 252 42
150 106 26
150 42 28
150 82 9
150 130 26
151 124 20
151 490 50
151 293 16
151 302 27
152 357 5
152 27 38
152 65 16
152 381 39
153 643 45
153 289 36
153 548 43
153 461 11
154 544 16
154 242 3
154 454 23
154 117 50
155 692 36
155 189 40
155 412 14
155 108 20
156 220 42
156 399 35
156 285 37
156 420 29
157 477 24
157 106 45
157 452 38
157 388 31
158 459 26
158 354 22
158 274 16
158 174 49
159 460 23
159 445 1
159 188 37
159 143 27
160 476 47
160 509 42
160 590 23
160 99 14
161 450 40
161 130 30
161 217 43
161 382 15
162 36 11
162 550 10
162 6 1
162 498 47
163 461 49
163 405 20
163 584 34
163 124 45
164 616 4
164 139 12
164 647 35
164 503 34
165 662 40
165 461 44
165 60 14
165 557 8
166 688 48
166 251 41
166 465 39
166 664 33
167 634 14
167 192 41
167 292 23
167 365 20
168 264 31
168 415 28
168 310 12
168 404 2
169 349 35
169 548 17
169 584 9
169 615 16
170 190 12
170 263 3
170 288 0
170 636 0
171 320 15
171 370 25
171 16 32
171 599 26
172 699 9
172 184 5
172 690 48
172 511 14
173 252 24
173 136 42
173 406 43
173 413 23
174 254 9
174 240 3
174 525 42
174 295 25
175 621 50
175 722 4
175 177 19
175 140 5
176 351 46
176 663 17
176 463 36
176 49 2
177 344 30
177 681 1
177 166 38
177 665 43
178 374 48
178 399 19
178 449 17
178 338 44
179 28 19
179 12 48
179 652 0
179 688 32
180 661 1
180 426 33
180 515 48
180 510 6
181 163 39
181 22 1
181 37 36
181 373 45
182 422 6
182 86 39
182 33 27
182 440 27
183 289 6
183 153 47
183 139 19
183 546 31
184 511 16
184 275 17
184 706 18
184 325 7
185 167 44
185 230 33
185 337 24
185 85 15
186 184 43
186 26 9
186 721 25
186 338 22
187 570 12
187 520 47
187 296 3
187 286 25
188 280 23
188 292 32
188 395 30
188 661 23
189 204 0
189 558 11
189 626 17
189 108 19
190 682 50
190 607 35
190 488 1
190 349 43
191 22 2
191 64 31
191 213 49
191 77 3
192 469 33
192 85 29
192 658 38
192 648 10
193 463 18
193 713 13
193 246 38
193 376 38
194 20 4
194 599 28
194 165 27
194 111 50
195 626 37
195 461 38
195 638 4
195 66 40
196 699 38
196 416 24
196 399 29
196 188 20
197 95 47
197 308 31
197 659 48
197 711 31
198 78 46
198 455 22
198 33 36
198 601 2
199 569 0
199 230 41
199 17 26
199 105 10
200 703 7
200 192 38
200 659 38
200 382 8
201 535 6
201 140 40
201 264 29
201 81 8
202 570 14
202 80 27
202 174 15
202 439 4
203 262 5
203 705 4
203 607 13
203 71 38
204 580 49
204 566 16
204 530 0
204 488 41
205 713 43
205 0 22
205 291 28
205 116 47
206 205 40
206 269 11
206 614 45
206 604 44
207 698 4
207 638 37
207 630 26
207 707 31
208 160 35
208 87 22
208 484 5
208 283 19
209 435 18
209 97 39
209 210 48
209 698 43
210 102 23
210 148 39
210 554 18
210 376 32
211 428 42
211 76 31
211 134 48
211 603 23
212 439 42
212 703 18
212 79 6
212 64 28
213 2 39
213 66 9
213 228 36
213 539 29
214 494 4
214 201 8
214 706 44
214 583 24
215 119 19
215 88 42
215 585 20
215 352 24
216 196 10
216 399 36
216 598 39
216 467 17
217 337 40
217 188 27
217 587 7
217 557 3
218 431 5
218 556 21
218 77 16
218 252 35
219 57 31
219 517 19
219 490 44
219 1 42
220 478 25
220 447 28
220 142 36
220 175 16
221 656 10
221 422 28
221 287 9
221 174 46
222 328 23
222 263 48
222 727 20
222 286 50
223 589 31
223 201 45
223 326 8
223 675 19
224 168 20
224 626 49
224 282 34
224 482 36
225 422 0
225 341 42
225 208 6
225 415 31
226 157 45
226 173 10
226 498 20
226 382 3
227 86 49
227 612 39
227 286 50
227 688 45
228 152 32
228 240 40
228 360 43
228 653 33
229 317 40
229 270 20
229 141 35
229 421 14
230 261 24
230 500 32
230 711 48
230 15 45
231 227 27
231 395 8
231 582 27
231 251 34
232 161 22
232 574 7
232 421 21
232 273 45
233 548 26
233 88 22
233 491 38
233 235 47
234 600 1
234 12 14
234 714 16
234 258 39
235 0 37
235 232 16
235 327 12
235 302 3
236 86 2
236 418 3
236 468 22
236 587 7
237 441 47
237 258 19
237 186 18
237 721 47
238 462 29
238 502 22
238 650 3
238 56 18
239 435 39
239 219 11
239 476 48
239 394 18
240 391 1
240 76 18
240 252 10
240 289 32
241 521 14
241 627 37
241 428 19
241 331 35
242 323 13
242 455 36
242 421 39
242 5 26
243 509 49
243 260 29
243 351 46
243 234 18
244 428 44
244 293 46
244 196 31
244 585 22
245 607 50
245 355 12
245 273 23
245 410 11
246 191 17
246 523 48
246 476 23
246 293 46
247 475 21
247 473 1
247 561 48
247 340 41
248 232 11
248 1 43
248 321 29
248 62 45
249 189 7
249 565 4
249 322 18
249 104 0
250 410 39
250 698 16
250 727 23
250 341 30
251 250 26
251 497 17
251 282 27
251 123 15
252 668 10
252 231 10
252 178 20
252 197 10
253 245 22
253 7 10
253 449 41
253 713 33
254 128 45
254 698 47
254 728 50
254 19 23
255 530 9
255 642 9
255 563 0
255 636 33
256 544 24
256 102 13
256 111 47
256 638 2
257 529 1
257 589 13
257 439 39
257 178 50
258 34 10
258 207 4
258 137 0
258 596 13
259 14 23
259 94 38
259 320 34
259 549 25
260 635 18
260 333 17
260 27 32
260 302 47
261 472 17
261 35 46
261 591 23
261 53 43
262 527 40
262 414 5
262 33 38
262 140 41
263 66 11
263 491 13
263 221 27
263 208 20
264 155 25
264 262 33
264 624 8
264 222 1
265 318 22
265 563 35
265 516 38
265 506 47
266 650 6
266 661 7
266 420 40
266 297 44
267 226 26
267 463 7
267 218 27
267 476 27
268 158 20
268 361 11
268 579 50
268 216 8
269 46 16
269 675 43
269 483 49
269 716 22
270 264 49
270 82 26
270 208 43
270 62 19
271 658 19
271 548 30
271 662 8
271 660 3
272 567 38
272 719 49
272 594 30
272 161 44
273 90 28
273 451 13
273 357 36
273 589 4
274 263 7
274 706 42
274 440 31
274 250 2
275 525 11
275 100 50
275 99 18
275 64 33
276 27 27
276 328 12
276 583 22
276 297 20
277 79 0
277 700 7
277 448 27
277 386 29
278 360 48
278 161 37
278 294 4
278 517 14
279 81 2
279 207 13
279 455 0
279 615 8
280 426 50
280 597 39
280 89 19
280 128 33
281 470 8
281 696 36
281 128 24
281 682 4
282 469 33
282 670 10
282 70 44
282 602 45
283 720 45
283 178 8
283 706 1
283 62 39
284 356 18
284 493 26
284 181 7
284 580 20
285 191 34
285 495 22
285 561 8
285 278 26
286 606 35
286 707 43
286 498 12
286 439 50
287 320 14
287 361 34
287 331 40
287 399 15
288 261 46
288 330 40
288 625 48
288 646 13
289 599 22
289 528 38
289 312 34
289 117 16
290 703 48
290 221 18
290 641 39
290 104 48
291 97 30
291 550 17
291 700 17
291 246 21
292 55 23
292 670 46
292 239 41
292 385 12
293 505 37
293 608 28
293 64 23
293 202 23
294 539 6
294 319 46
294 107 16
294 90 9
295 549 0
295 420 42
295 189 50
295 582 47
296 467 44
296 411 31
296 44 30
296 369 35
297 694 13
297 522 41
297 431 33
297 207 45
298 686 38
298 166 22
298 410 29
298 21 36
299 66 12
299 691 19
299 342 47
299 597 35
300 500 34
300 309 45
300 537 40
300 334 10
301 254 1
301 356 41
301 492 20
301 392 13
302 672 44
302 192 11
302 591 40
302 338 12
303 577 14
303 72 40
303 590 43
303 690 4
304 201 43
304 556 18
304 509 17
304 553 46
305 400 7
305 689 37
305 268 10
305 536 6
306 273 44
306 562 17
306 302 44
306 692 12
307 521 44
307 708 46
307 380 46
307 603 37
308 124 0
308 355 15
308 667 29
308 529 49
309 705 31
309 643 12
309 87 8
309 145 48
310 358 11
310 379 20
310 606 31
310 181 22
311 265 7
311 516 2
311 411 2
311 328 19
312 618 13
312 714 32
312 382 8
312 408 28
313 389 23
313 699 45
313 640 10
313 320 17
314 322 39
314 173 41
314 421 22
314 290 48
315 90 50
315 76 9
315 152 25
315 196 1
316 630 12
316 124 27
316 315 21
316 235 47
317 16 25
317 154 26
317 281 3
317 65 42
318 30 46
318 722 32
318 497 45
318 354 31
319 629 32
319 647 32
319 47 36
319 600 8
320 414 18
320 438 37
320 611 43
320 550 35
321 588 28
321 440 22
321 206 35
321 324 42
322 671 0
322 152 19
322 49 0
322 599 19
323 552 36
323 566 43
323 348 25
323 487 34
324 457 6
324 496 36
324 92 45
324 662 3
325 626 11
325 603 9
325 391 35
325 100 19
326 189 3
326 202 1
326 506 30
326 701 46
327 177 34
327 401 24
327 163 8
327 409 44
328 529 45
328 373 19
328 193 19
328 573 18
329 66 14
329 151 9
329 259 30
329 245 12
330 600 4
330 455 9
330 409 46
330 459 30
331 724 45
331 176 11
331 127 42
331 303 42
332 537 37
332 317 3
332 462 8
332 239 29
333 421 49
333 707 49
333 346 0
333 393 39
334 575 31
334 682 45
334 634 46
334 189 8
335 185 4
335 207 9
335 54 37
335 79 31
336 451 6
336 156 7
336 17 30
336 530 24
337 444 8
337 110 50
337 323 34
337 721 14
338 350 50
338 365 48
338 251 13
338 496 10
339 727 0
339 524 37
339 182 32
339 215 39
340 636 38
340 648 22
340 255 39
340 422 23
341 722 46
341 355 45
341 560 38
341 154 9
342 531 9
342 661 34
342 454 1
342 117 36
343 72 29
343 392 22
343 541 4
343 269 34
344 348 38
344 640 12
344 237 24
344 433 12
345 634 6
345 160 38
345 283 10
345 200 40
346 640 17
346 292 2
346 579 19
346 553 7
347 213 20
347 685 3
347 360 13
347 391 37
348 75 47
348 295 45
348 712 27
348 620 7
349 706 16
349 137 44
349 450 39
349 301 5
350 82 3
350 49 45
350 701 15
350 505 13
351 356 2
351 389 0
351 65 32
351 559 4
352 381 49
352 201 16
352 513 15
352 220 46
353 338 2
353 440 39
353 688 27
353 606 39
354 421 13
354 371 34
354 115 45
354 520 7
355 715 2
355 81 48
355 164 37
355 349 42
356 310 49
356 614 2
356 547 3
356 397 15
357 352 47
357 471 18
357 726 6
357 254 8
358 581 32
358 9 17
358 405 17
358 645 42
359 637 7
359 224 10
359 354 4
359 417 18
360 647 29
360 257 32
360 147 18
360 178 41
361 187 25
361 233 27
361 688 13
361 503 41
362 116 43
362 327 12
362 143 45
362 436 20
363 34 0
363 198 15
363 469 18
363 283 30
364 56 18
364 702 24
364 151 34
364 632 7
365 476 30
365 516 47
365 485 40
365 341 23
366 448 25
366 321 29
366 222 27
366 146 39
367 322 6
367 349 4
367 42 18
367 541 37
368 570 31
368 519 33
368 571 30
368 267 22
369 86 24
369 77 23
369 101 41
369 457 30
370 118 19
370 630 20
370 660 7
370 444 33
371 309 9
371 623 4
371 10 49
371 127 13
372 566 26
372 209 2
372 294 3
372 279 7
373 493 17
373 509 11
373 639 6
373 475 49
374 613 0
374 659 5
374 578 10
374 95 21
375 111 43
375 64 19
375 719 33
375 66 45
376 567 39
376 405 34
376 34 9
376 387 34
377 643 18
377 409 13
377 565 12
377 71 35
378 130 5
378 586 50
378 209 13
378 254 11
379 18 8
379 336 49
379 272 26
379 329 43
380 462 2
380 123 0
380 39 2
380 172 1
381 657 27
381 42 40
381 109 0
381 195 19
382 553 32
382 693 10
382 549 50
382 79 47
383 69 30
383 494 42
383 483 50
383 466 5
384 88 27
384 360 34
384 533 0
384 130 27
385 459 16
385 167 18
385 538 49
385 581 45
386 698 10
386 96 39
386 222 20
386 509 17
387 72 29
387 167 44
387 251 0
387 348 4
388 155 7
388 619 45
388 213 9
388 368 41
389 337 45
389 219 30
389 726 50
389 443 29
390 493 36
390 353 22
390 721 5
390 456 44
391 288 25
391 556 45
391 216 49
391 487 11
392 117 40
392 540 10
392 25 2
392 291 8
393 360 17
393 597 2
393 358 4
393 651 22
394 305 41
394 379 24
394 254 32
394 619 26
395 315 8
395 647 40
395 468 30
395 568 2
396 142 34
396 600 43
396 249 43
396 228 18
397 163 19
397 240 29
397 545 24
397 648 11
398 4 5
398 179 47
398 720 45
398 262 16
399 661 50
399 722 34
399 609 50
399 169 29
400 337 24
400 612 10
400 230 8
400 197 43
401 273 22
401 537 46
401 670 7
401 74 26
402 527 6
402 689 13
402 237 1
402 700 1
403 637 26
403 316 1
403 300 2
403 475 23
404 686 14
404 529 33
404 722 29
404 95 17
405 204 46
405 489 13
405 458 24
405 154 18
406 70 13
406 515 49
406 205 17
406 204 26
407 687 15
407 345 24
407 448 41
407 560 10
408 347 41
408 138 32
408 667 3
408 320 5
409 717 17
409 104 30
409 26 35
409 85 5
410 451 1
410 634 49
410 44 5
410 443 3
411 487 46
411 402 34
411 143 45
411 302 25
412 164 3
412 697 10
412 15 35
412 372 17
413 422 1
413 705 45
413 6 48
413 367 32
414 126 25
414 71 0
414 671 32
414 234 5
415 621 7
415 466 26
415 85 33
415 362 41
416 689 16
416 64 46
416 467 29
416 244 41
417 357 7
417 713 11
417 661 9
417 120 46
418 359 47
418 10 26
418 224 3
418 462 50
419 529 21
419 250 44
419 132 35
419 481 41
420 566 24
420 407 6
420 250 6
420 309 7
421 272 13
421 662 7
421 185 16
421 544 48
422 475 44
422 669 28
422 592 46
422 337 46
423 122 7
423 154 4
423 524 44
423 504 2
424 586 0
424 659 20
424 642 44
424 19 45
425 535 40
425 8 11
425 94 18
425 191 1
426 341 10
426 93 45
426 217 23
426 86 6
427 682 21
427 374 21
427 239 27
427 561 36
428 22 1
428 169 31
428 170 1
428 16 20
429 503 14
429 366 47
429 625 21
429 258 13
430 434 17
430 349 33
430 165 40
430 230 4
431 113 17
431 307 12
431 384 6
431 102 18
432 142 12
432 602 3
432 347 21
432 33 31
433 284 18
433 413 37
433 175 25
433 83 19
434 361 41
434 398 49
434 403 18
434 394 6
435 617 32
435 491 34
435 245 2
435 378 38
436 580 17
436 166 47
436 674 45
436 576 3
437 566 19
437 362 27
437 398 43
437 700 28
438 392 42
438 612 38
438 421 17
438 233 45
439 282 3
439 233 17
439 474 46
439 638 18
440 505 28
440 388 21
440 111 26
440 223 23
441 47 46
441 215 12
441 100 16
441 87 41
442 126 11
442 433 34
442 679 0
442 265 2
443 155 8
443 212 15
443 134 14
443 298 7
444 446 4
444 644 1
444 692 4
444 654 21
445 688 9
445 47 4
445 705 2
445 600 43
446 568 18
446 465 10
446 158 0
446 160 1
447 401 14
447 479 50
447 15 35
447 484 31
448 562 6
448 249 9
448 152 33
448 88 42
449 418 31
449 589 28
449 368 29
449 443 44
450 355 33
450 558 26
450 31 10
450 664 16
451 666 17
451 75 4
451 271 14
451 130 42
452 233 22
452 136 49
452 398 3
452 721 26
453 160 49
453 684 24
453 318 3
453 373 19
454 634 6
454 506 11
454 254 44
454 161 29
455 368 22
455 106 49
455 588 22
455 70 33
456 250 26
456 313 0
456 4 36
456 290 11
457 559 47
457 455 35
457 638 27
457 186 16
458 539 45
458 10 16
458 345 25
458 510 43
459 572 49
459 447 21
459 503 18
459 633 9
460 47 46
460 630 44
460 578 24
460 216 20
461 498 41
461 487 30
461 520 26
461 220 28
462 313 14
462 453 48
462 613 34
462 623 46
463 727 49
463 400 43
463 195 41
463 632 50
464 108 5
464 597 2
464 342 32
464 187 41
465 146 10
465 724 24
465 97 35
465 197 24
466 512 8
466 383 12
466 457 29
466 663 8
467 129 9
467 307 4
467 703 12
467 5 0
468 492 43
468 265 21
468 189 48
468 461 48
469 409 16
469 597 35
469 404 37
469 489 37
470 460 4
470 396 9
470 481 34
470 204 18
471 109 24
471 457 34
471 602 33
471 111 23
472 109 21
472 286 25
472 184 23
472 50 18
473 287 19
473 244 0
473 425 6
473 295 44
474 75 46
474 602 37
474 353 31
474 317 25
475 498 33
475 259 18
475 283 10
475 310 35
476 682 50
476 658 20
476 584 3
476 256 15
477 554 39
477 391 13
477 36 4
477 432 0
478 93 38
478 316 40
478 317 8
478 143 45
479 521 1
479 339 18
479 58 6
479 604 42
480 700 19
480 538 15
480 445 30
480 347 38
481 185 7
481 82 16
481 518 19
481 562 38
482 532 5
482 443 27
482 336 13
482 118 25
483 588 35
483 611 49
483 719 14
483 604 5
484 20 5
484 263 6
484 635 43
484 702 36
485 325 42
485 102 5
485 151 25
485 681 49
486 313 50
486 688 24
486 565 0
486 201 37
487 113 2
487 254 42
487 643 34
487 195 8
488 452 32
488 650 47
488 163 43
488 111 47
489 332 24
489 112 25
489 249 4
489 167 11
490 374 23
490 24 36
490 348 18
490 228 6
491 716 30
491 192 18
491 530 37
491 594 4
492 231 12
492 370 8
492 515 3
492 366 6
493 185 40
493 694 37
493 717 32
493 286 20
494 557 49
494 159 10
494 93 30
494 661 30
495 393 50
495 668 29
495 114 30
495 496 50
496 49 18
496 435 21
496 59 33
496 267 23
497 596 33
497 193 20
497 534 32
497 602 13
498 466 47
498 0 21
498 655 36
498 198 48
499 559 16
499 489 15
499 277 19
499 725 13
500 425 50
500 371 24
500 387 29
500 261 6
501 505 46
501 625 48
501 36 40
501 162 35
502 534 48
502 112 0
502 367 30
502 375 37
503 240 34
503 110 35
503 627 11
503 380 19
504 316 22
504 566 47
504 662 14
504 366 13
505 200 40
505 116 17
505 712 0
505 717 43
506 152 27
506 32 5
506 487 17
506 350 26
507 419 26
507 569 16
507 504 6
507 49 21
508 212 38
508 519 14
508 245 26
508 397 49
509 501 4
509 517 48
509 450 6
509 388 4
510 215 48
510 99 20
510 583 46
510 582 24
511 658 34
511 528 5
511 102 30
511 139 1
512 534 1
512 455 41
512 381 34
512 588 16
513 406 11
513 626 31
513 707 24
513 684 0
514 649 15
514 540 3
514 91 9
514 709 40
515 246 4
515 407 31
515 323 49
515 188 27
516 679 11
516 185 50
516 727 17
516 428 42
517 367 13
517 193 5
517 648 19
517 153 32
518 567 2
518 452 30
518 610 26
518 104 47
519 429 49
519 304 24
519 294 28
519 405 28
520 449 45
520 625 2
520 285 43
520 444 0
521 6 44
521 354 8
521 490 15
521 531 40
522 251 47
522 164 46
522 374 35
522 345 39
523 712 39
523 412 44
523 578 36
523 619 25
524 682 8
524 447 32
524 152 46
524 579 32
525 449 37
525 381 21
525 101 22
525 91 31
526 683 29
526 689 49
526 55 46
526 588 8
527 646 26
527 7 44
527 323 46
527 497 21
528 35 19
528 669 37
528 92 41
528 569 18
529 243 21
529 431 34
529 722 10
529 111 9
530 210 5
530 398 30
530 368 5
530 356 42
531 290 35
531 324 19
531 717 33
531 110 15
532 50 45
532 133 50
532 185 12
532 472 40
533 258 45
533 336 43
533 260 2
533 631 36
534 271 9
534 231 31
534 188 23
534 124 8
535 96 39
535 110 19
535 47 1
535 539 26
536 718 33
536 81 50
536 206 10
536 26 12
537 73 49
537 612 45
537 1 16
537 635 15
538 328 43
538 400 35
538 140 49
538 103 37
539 670 6
539 599 24
539 203 23
539 713 3
540 13 24
540 375 50
540 685 2
540 198 2
541 56 30
541 73 7
541 253 26
541 96 49
542 468 37
542 613 46
542 536 40
542 518 23
543 314 3
543 720 19
543 52 15
543 655 21
544 263 30
544 266 4
544 625 49
544 655 1
545 559 25
545 376 1
545 531 18
545 36 47
546 207 21
546 655 35
546 11 45
546 425 49
547 222 16
547 176 10
547 434 37
547 672 27
548 208 26
548 121 7
548 374 28
548 289 27
549 380 29
549 187 17
549 691 13
549 130 15
550 91 8
550 276 3
550 492 40
550 445 5
551 29 33
551 318 34
551 101 29
551 688 46
552 675 44
552 490 34
552 87 10
552 448 10
553 433 48
553 45 37
553 703 30
553 692 18
554 358 26
554 487 10
554 226 4
554 459 41
555 32 50
555 129 49
555 24 38
555 192 40
556 425 16
556 332 42
556 338 4
556 607 0
557 49 31
557 511 30
557 479 19
557 666 43
558 355 5
558 607 42
558 380 19
558 105 20
559 168 18
559 325 32
559 145 50
559 526 6
560 413 14
560 292 22
560 671 20
560 124 4
561 158 45
561 473 25
561 560 49
561 457 49
562 702 27
562 406 41
562 333 20
562 256 14
563 408 26
563 573 39
563 7 31
563 18 1
564 509 40
564 134 16
564 727 35
564 531 23
565 675 30
565 41 9
565 531 42
565 51 24
566 364 43
566 303 9
566 624 17
566 142 13
567 209 10
567 674 14
567 541 10
567 128 45
568 693 40
568 87 50
568 34 9
568 638 37
569 465 40
569 55 30
569 230 16
569 497 13
570 466 10
570 556 40
570 64 0
570 603 26
571 500 18
571 59 16
571 697 34
571 7 32
572 588 0
572 390 2
572 624 37
572 160 8
573 488 33
573 297 18
573 308 2
573 474 50
574 555 17
574 597 17
574 366 17
574 506 1
575 189 27
575 4 17
575 6 49
575 391 7
576 281 40
576 193 8
576 633 21
576 331 17
577 504 39
577 26 4
577 89 49
577 194 11
578 129 17
578 524 19
578 464 27
578 717 11
579 512 46
579 315 2
579 575 37
579 525 7
580 50 26
580 520 48
580 579 31
580 645 41
581 601 13
581 689 34
581 13 41
581 291 44
582 240 32
582 100 42
582 67 2
582 472 23
583 23 9
583 708 7
583 35 23
583 622 15
584 537 39
584 10 18
584 247 23
584 130 48
585 478 35
585 657 37
585 613 12
585 184 19
586 596 42
586 661 23
586 122 46
586 442 33
587 266 31
587 718 29
587 387 23
587 16 47
588 722 25
588 113 32
588 188 21
588 572 27
589 418 9
589 625 28
589 96 0
589 378 50
590 14 38
590 477 34
590 339 24
590 626 45
591 137 24
591 654 5
591 149 49
591 43 36
592 259 1
592 643 24
592 678 26
592 122 32
593 647 16
593 631 1
593 243 8
593 675 27
594 549 32
594 475 14
594 411 9
594 63 18
595 263 16
595 541 16
595 145 28
595 217 47
596 692 39
596 282 21
596 381 27
596 520 12
597 453 49
597 141 43
597 641 11
597 622 32
598 690 13
598 697 23
598 235 12
598 114 45
599 650 21
599 210 0
599 420 34
599 199 3
600 396 40
600 143 15
600 299 12
600 68 7
601 4 6
601 660 45
601 569 43
601 195 21
602 511 42
602 100 23
602 544 42
602 257 19
603 498 11
603 34 48
603 611 27
603 260 2
604 596 49
604 449 26
604 447 10
604 392 0
605 726 24
605 226 18
605 259 33
605 100 34
606 87 37
606 546 20
606 468 21
606 540 11
607 582 0
607 258 2
607 16 10
607 377 32
608 593 16
608 541 24
608 723 22
608 474 13
609 715 44
609 544 47
609 171 14
609 400 46
610 594 42
610 593 24
610 609 38
610 16 26
611 28 2
611 390 5
611 693 50
611 7 18
612 122 33
612 695 42
612 170 14
612 308 10
613 589 31
613 363 36
613 396 29
613 349 20
614 18 7
614 155 49
614 177 13
614 380 2
615 646 49
615 393 39
615 155 33
615 698 39
616 628 5
616 129 7
616 300 12
616 142 1
617 419 1
617 505 31
617 325 42
617 1 4
618 205 31
618 371 6
618 94 38
618 253 0
619 32 38
619 396 38
619 92 19
619 464 10
620 351 42
620 556 37
620 6 35
620 345 9
621 107 14
621 581 30
621 305 50
621 264 33
622 2 19
622 75 25
622 321 46
622 632 16
623 574 28
623 403 40
623 630 14
623 82 8
624 558 32
624 474 32
624 260 1
624 29 33
625 427 40
625 76 7
625 137 31
625 535 16
626 205 25
626 603 4
626 252 46
626 306 5
627 437 28
627 84 20
627 546 3
627 337 22
628 337 6
628 720 47
628 228 50
628 142 49
629 341 4
629 484 33
629 214 50
629 724 12
630 515 40
630 283 12
630 595 12
630 161 39
631 137 21
631 231 36
631 93 36
631 284 21
632 668 38
632 16 6
632 351 24
632 560 24
633 638 43
633 366 16
633 621 38
633 605 28
634 592 14
634 499 15
634 291 31
634 309 15
635 205 2
635 2 17
635 621 37
635 614 47
636 129 27
636 483 34
636 602 30
636 392 27
637 162 49
637 576 24
637 10 14
637 401 20
638 106 28
638 232 46
638 330 6
638 153 1
639 569 15
639 620 44
639 666 27
639 117 13
640 360 49
640 549 2
640 464 40
640 437 36
641 586 5
641 43 3
641 441 5
641 120 39
642 6 22
642 722 2
642 383 48
642 275 49
643 635 45
643 264 19
643 593 21
643 292 29
644 524 16
644 496 15
644 235 17
644 137 27
645 682 28
645 546 27
645 390 3
645 488 5
646 580 35
646 70 21
646 16 16
646 259 38
647 673 3
647 188 30
647 182 39
647 620 12
648 637 13
648 723 15
648 57 13
648 716 33
649 613 22
649 434 32
649 616 19
649 560 0
650 718 17
650 716 32
650 481 36
650 339 15
651 589 47
651 285 45
651 314 34
651 111 9
652 365 50
652 55 5
652 362 43
652 639 1
653 423 25
653 20 1
653 29 45
653 47 36
654 133 34
654 278 28
654 637 43
654 593 15
655 37 17
655 235 48
655 273 34
655 35 33
656 544 37
656 644 33
656 515 10
656 497 32
657 608 13
657 290 11
657 458 21
657 573 4
658 188 10
658 214 21
658 418 48
658 84 38
659 91 20
659 716 27
659 51 8
659 384 26
660 279 38
660 466 6
660 111 13
660 574 16
661 401 25
661 552 28
661 514 30
661 567 16
662 212 40
662 665 37
662 502 9
662 627 49
663 19 43
663 475 47
663 300 7
663 293 37
664 0 43
664 421 37
664 112 25
664 594 4
665 265 30
665 465 28
665 314 33
665 50 50
666 155 37
666 363 33
666 360 36
666 458 22
667 75 42
667 282 30
667 270 24
667 276 27
668 438 50
668 5 41
668 357 10
668 673 34
669 580 38
669 404 16
669 357 6
669 294 20
670 612 43
670 373 23
670 348 14
670 691 33
671 548 4
671 611 10
671 115 43
671 420 10
672 505 43
672 639 41
672 452 11
672 74 21
673 596 2
673 412 6
673 392 23
673 118 37
674 93 32
674 26 15
674 672 1
674 10 33
675 480 46
675 324 45
675 382 48
675 617 47
676 672 38
676 357 42
676 236 14
676 295 50
677 317 23
677 568 45
677 660 34
677 547 47
678 523 20
678 257 46
678 311 38
678 22 19
679 595 28
679 308 48
679 378 3
679 579 36
680 578 4
680 250 18
680 638 9
680 307 37
681 510 14
681 633 28
681 684 23
681 518 1
682 98 40
682 230 24
682 132 10
682 196 14
683 198 12
683 491 23
683 693 39
683 415 41
684 265 13
684 367 4
684 53 16
684 614 20
685 498 4
685 378 5
685 426 34
685 88 8
686 5 13
686 28 13
686 162 31
686 13 28
687 78 10
687 268 2
687 621 21
687 369 3
688 168 0
688 255 42
688 587 1
688 76 15
689 561 26
689 323 34
689 86 49
689 250 33
690 140 19
690 200 27
690 244 9
690 426 12
691 127 32
691 516 7
691 303 41
691 184 28
692 141 29
692 585 50
692 127 10
692 256 21
693 609 36
693 444 6
693 114 4
693 585 36
694 456 47
694 689 19
694 457 16
694 220 14
695 664 32
695 437 38
695 47 3
695 707 27
696 9 29
696 502 5
696 544 25
696 369 21
697 87 5
697 37 23
697 204 47
697 537 4
698 170 30
698 633 37
698 686 21
698 15 32
699 586 35
699 583 3
699 460 16
699 300 12
700 207 13
700 407 0
700 125 47
700 396 48
701 428 43
701 279 6
701 268 13
701 400 45
702 692 35
702 184 29
702 59 47
702 122 13
703 321 34
703 128 39
703 306 17
703 167 22
704 413 12
704 395 12
704 527 3
704 707 22
705 170 26
705 710 10
705 374 14
705 305 31
706 462 16
706 13 9
706 195 9
706 577 30
707 266 38
707 471 10
707 619 5
707 506 28
708 412 12
708 300 16
708 264 12
708 440 17
709 53 13
709 323 46
709 90 45
709 199 4
710 640 40
710 409 44
710 603 29
710 97 36
711 96 11
711 676 6
711 74 11
711 481 49
712 182 38
712 513 40
712 332 15
712 708 8
713 47 22
713 599 38
713 477 41
713 250 28
714 470 17
714 103 48
714 586 45
714 658 3
715 675 16
715 286 9
715 186 15
715 299 22
716 112 6
716 224 12
716 183 23
716 607 37
717 227 45
717 84 44
717 7 44
717 14 38
718 727 4
718 439 23
718 268 30
718 341 28
719 545 16
719 648 45
719 504 35
719 249 47
720 165 36
720 582 35
720 316 44
720 174 34
721 134 27
721 314 40
721 451 43
721 63 33
722 314 44
722 395 46
722 55 45
722 452 35
723 282 37
723 672 41
723 173 1
723 166 12
724 642 38
724 622 43
724 577 38
724 25 28
725 676 25
725 657 43
725 141 49
725 123 29
726 500 46
726 710 28
726 688 10
726 541 47
727 122 29
727 701 4
727 167 18
727 581 32
728 720 42
728 354 40
728 167 9
728 280 25
