38 119 1
36 13 1
9 93 1
126 82 1
0 125 1
93 12 1
10 85 1
10 24 1
10 22 1
92 68 1
92 124 1
126 7 1
34 89 1
89 11 1
96 105 1
86 45 1
86 105 1
96 14 1
8 33 1
39 76 1
41 24 1
86 81 1
1 57 1
84 9 1
31 87 1
81 67 1
31 107 1
80 15 1
41 55 1
8 124 1
14 65 1
16 27 1
31 7 1
31 73 1
31 101 1
77 74 1
16 90 1
97 45 1
77 119 1
42 19 1
76 18 1
42 126 1
121 106 1
42 125 1
1 38 1
43 52 1
43 74 1
76 73 1
17 72 1
43 36 1
43 32 1
97 4 1
121 7 1
1 67 1
97 3 1
43 120 1
43 18 1
17 64 1
44 75 1
27 55 1
1 16 1
117 89 1
27 89 1
114 125 1
17 3 1
99 68 1
44 108 1
46 3 1
99 37 1
46 115 1
26 98 1
114 112 1
17 49 1
114 100 1
17 54 1
71 107 1
26 10 1
2 8 1
71 20 1
2 50 1
48 93 1
48 82 1
2 52 1
26 80 1
112 110 1
70 99 1
25 48 1
100 58 1
5 113 1
25 62 1
69 118 1
111 7 1
69 83 1
69 85 1
19 5 1
102 82 1
25 66 1
54 21 1
60 86 1
60 75 1
23 70 1
21 51 1
109 45 1
56 62 1
103 122 1
103 10 1
57 123 1
95 101 1
105 53 1
4 30 2
109 79 2
109 91 2
59 28 2
3 61 2
102 94 2
59 120 2
110 35 2
25 127 2
6 53 2
74 47 2
76 78 2
42 63 2
29 98 2
33 88 2
96 104 2
38 40 2
76 116 3
