338 43 1
264 103 1
78 299 1
78 456 1
77 73 1
419 22 1
78 25 1
264 195 1
78 496 1
79 63 1
419 89 1
80 198 1
77 246 1
80 128 1
264 156 1
418 445 1
80 479 1
80 17 1
419 382 1
418 188 1
80 240 1
80 367 1
80 226 1
422 293 1
264 402 1
80 432 1
264 15 1
80 460 1
77 211 1
418 78 1
264 475 1
77 293 1
0 278 1
77 359 1
80 323 1
422 498 1
80 111 1
418 491 1
80 103 1
77 1 1
80 48 1
418 115 1
511 133 1
264 169 1
80 308 1
418 101 1
80 291 1
81 405 1
81 439 1
1 87 1
263 375 1
81 214 1
511 68 1
422 128 1
1 390 1
511 335 1
81 192 1
77 95 1
263 121 1
81 304 1
510 66 1
81 61 1
265 137 1
81 35 1
81 66 1
77 143 1
81 463 1
423 43 1
417 340 1
82 172 1
417 157 1
423 435 1
417 195 1
77 401 1
423 405 1
76 388 1
261 280 1
82 258 1
423 462 1
76 451 1
76 91 1
415 456 1
76 192 1
265 292 1
415 219 1
265 332 1
261 493 1
261 198 1
415 495 1
415 393 1
415 411 1
82 182 1
265 415 1
414 364 1
83 102 1
261 270 1
76 150 1
423 32 1
414 182 1
423 448 1
509 467 1
1 495 1
261 74 1
414 449 1
414 432 1
76 399 1
83 194 1
414 185 1
414 281 1
83 479 1
423 58 1
83 248 1
1 158 1
83 181 1
260 129 1
75 322 1
260 445 1
423 134 1
83 480 1
83 374 1
83 105 1
260 404 1
75 152 1
260 61 1
84 382 1
75 209 1
1 62 1
75 340 1
413 508 1
413 377 1
85 440 1
412 155 1
75 233 1
260 123 1
509 303 1
412 222 1
85 489 1
265 10 1
265 413 1
265 217 1
85 82 1
85 313 1
85 349 1
410 495 1
85 223 1
410 239 1
85 429 1
509 78 1
410 97 1
425 123 1
410 231 1
74 259 1
86 426 1
425 34 1
410 79 1
74 199 1
86 337 1
86 190 1
409 367 1
425 464 1
86 201 1
86 125 1
74 190 1
2 280 1
409 331 1
266 454 1
260 407 1
86 22 1
74 384 1
409 234 1
86 41 1
86 368 1
409 167 1
260 64 1
405 339 1
405 180 1
2 187 1
260 380 1
87 391 1
425 360 1
87 362 1
87 333 1
259 53 1
2 427 1
405 244 1
87 29 1
87 325 1
72 423 1
259 71 1
2 271 1
87 52 1
88 205 1
88 507 1
88 481 1
88 19 1
72 160 1
88 293 1
507 452 1
259 114 1
403 267 1
266 84 1
72 477 1
88 314 1
425 228 1
88 178 1
259 70 1
88 336 1
507 450 1
88 505 1
72 215 1
72 163 1
89 437 1
266 13 1
89 67 1
89 484 1
89 8 1
259 348 1
400 121 1
90 330 1
72 457 1
266 284 1
400 194 1
90 128 1
90 122 1
90 12 1
266 316 1
400 485 1
91 383 1
91 117 1
266 130 1
400 138 1
400 124 1
91 252 1
400 149 1
71 154 1
267 306 1
426 55 1
92 488 1
93 232 1
267 397 1
93 83 1
93 285 1
398 338 1
93 247 1
71 4 1
94 500 1
398 179 1
398 438 1
259 5 1
94 381 1
94 380 1
397 396 1
94 379 1
258 110 1
94 0 1
94 412 1
71 104 1
258 174 1
258 310 1
94 162 1
94 142 1
396 483 1
396 71 1
267 256 1
3 155 1
396 352 1
94 408 1
396 501 1
396 51 1
396 503 1
430 423 1
70 171 1
95 376 1
70 257 1
3 492 1
95 268 1
3 59 1
95 296 1
257 36 1
70 208 1
431 384 1
96 236 1
70 453 1
96 90 1
70 146 1
70 31 1
432 389 1
97 272 1
393 191 1
505 54 1
393 262 1
267 140 1
257 7 1
97 221 1
257 184 1
432 251 1
257 18 1
97 343 1
69 494 1
69 209 1
98 502 1
98 202 1
391 106 1
391 394 1
98 261 1
391 30 1
3 68 1
99 308 1
391 468 1
391 373 1
434 257 1
102 365 1
255 136 1
390 164 1
3 488 1
102 342 1
268 200 1
69 227 1
104 47 1
390 354 1
255 30 1
69 148 1
390 341 1
69 444 1
104 294 1
104 183 1
69 196 1
104 327 1
390 472 1
67 241 1
3 317 1
67 371 1
434 269 1
434 57 1
389 230 1
389 225 1
3 470 1
67 504 1
67 166 1
388 165 1
436 202 1
106 372 1
67 6 1
106 279 1
106 309 1
106 141 1
268 346 1
108 356 1
108 274 1
108 375 1
254 322 1
66 446 1
108 238 1
66 347 1
387 349 1
270 159 1
112 183 1
437 26 1
270 443 1
253 367 1
112 189 1
113 38 1
386 501 1
270 476 1
270 116 1
386 433 1
253 358 1
386 109 1
386 298 1
270 497 1
116 145 1
65 54 1
385 121 1
118 346 1
253 447 1
253 249 1
118 151 1
4 295 1
118 482 1
64 490 1
271 207 1
119 318 1
63 458 1
119 511 1
119 302 1
63 290 1
250 112 1
120 194 1
381 50 1
381 37 1
120 9 1
120 392 1
272 357 1
120 27 1
5 45 1
273 474 1
273 267 1
250 39 1
123 168 1
123 277 1
123 320 1
380 288 1
61 161 1
125 465 1
440 424 1
273 328 1
126 162 1
440 469 1
273 486 1
60 442 1
127 351 1
127 116 1
376 56 1
60 173 1
376 289 1
376 286 1
60 362 1
60 176 1
60 416 1
501 213 1
128 355 1
128 461 1
129 319 1
374 420 1
59 301 1
245 172 1
130 315 1
501 466 1
131 194 1
442 312 1
442 287 1
373 276 1
132 73 1
133 46 1
133 344 1
133 11 1
373 478 1
274 218 1
275 99 1
57 326 1
370 318 1
141 345 1
370 506 1
141 197 1
144 76 1
54 307 1
144 282 1
147 295 1
369 136 1
147 24 1
243 36 1
54 206 1
243 361 1
147 14 1
367 311 1
52 473 1
52 235 1
242 402 1
150 366 1
446 487 1
363 180 1
151 186 1
151 193 1
277 204 1
363 350 1
153 441 1
153 243 1
363 100 1
153 16 1
49 445 1
155 471 1
155 40 1
358 329 1
450 210 1
450 170 1
159 406 1
159 44 1
353 146 1
47 21 1
47 38 1
350 455 1
163 395 1
163 212 1
163 224 1
282 135 1
166 42 1
14 421 1
457 305 1
230 300 1
283 195 1
340 177 1
169 459 1
493 139 1
171 499 1
229 7 1
334 110 1
15 428 1
334 107 1
284 297 1
490 321 1
284 324 1
490 28 1
33 165 1
220 468 1
220 203 1
20 449 1
216 246 1
23 417 1
486 175 1
298 378 1
261 237 2
