(0,26,19,20,1 106)
(0  2):there is no shortest path.
(0,12,24,16,3 70)
(0  4):there is no shortest path.
(0  5):there is no shortest path.
(0,26,9,7,6 121)
(0,26,9,7 99)
(0,12,24,16,3,8 80)
(0,26,9 50)
(0,12,10 24)
(0,12,10,11 41)
(0,12 9)
(0,26,9,7,6,13 137)
(0,12,24,16,3,14 111)
(0,12,10,11,25,15 113)
(0,12,24,16 47)
(0,12,10,11,25,15,17 154)
(0  18):there is no shortest path.
(0,26,19 51)
(0,26,19,20 84)
(0,26,19,21 93)
(0,12,24,16,3,14,22 121)
(0  23):there is no shortest path.
(0,12,24 13)
(0,12,10,11,25 77)
(0,26 13)
(1,3,8,25,0 99)
(1  2):there is no shortest path.
(1,3 14)
(1  4):there is no shortest path.
(1  5):there is no shortest path.
(1,3,14,22,6 90)
(1,3,8,25,0,26,9,7 198)
(1,3,8 24)
(1,3,8,25,0,26,9 149)
(1,21,12,10 93)
(1,21,12,10,11 110)
(1,21,12 78)
(1,3,14,22,6,13 106)
(1,3,14 55)
(1,3,8,25,15 85)
(1,21,16 86)
(1,3,8,25,15,17 126)
(1  18):there is no shortest path.
(1,3,8,25,15,19 100)
(1,3,14,22,6,13,20 112)
(1,21 41)
(1,3,14,22 65)
(1  23):there is no shortest path.
(1,21,12,24 82)
(1,3,8,25 49)
(1,3,8,25,0,26 112)
(2,11,25,0 125)
(2,1 27)
(2,1,3 41)
(2  4):there is no shortest path.
(2  5):there is no shortest path.
(2,1,3,14,22,6 117)
(2,11,26,9,7 163)
(2,1,3,8 51)
(2,11,26,9 114)
(2,1,21,12,10 120)
(2,11 39)
(2,1,21,12 105)
(2,1,3,14,22,6,13 133)
(2,1,3,14 82)
(2,11,25,15 111)
(2,1,21,16 113)
(2,11,25,15,17 152)
(2  18):there is no shortest path.
(2,11,26,19 115)
(2,1,3,14,22,6,13,20 139)
(2,1,21 68)
(2,1,3,14,22 92)
(2  23):there is no shortest path.
(2,1,21,12,24 109)
(2,11,25 75)
(2,11,26 77)
(3,8,25,0 85)
(3,14,22,6,13,20,1 120)
(3  2):there is no shortest path.
(3  4):there is no shortest path.
(3  5):there is no shortest path.
(3,14,22,6 76)
(3,8,25,0,26,9,7 184)
(3,8 10)
(3,8,25,0,26,9 135)
(3,8,25,0,12,10 109)
(3,8,25,0,12,10,11 126)
(3,8,25,0,12 94)
(3,14,22,6,13 92)
(3,14 41)
(3,8,25,15 71)
(3,14,22,6,24,16 124)
(3,8,25,15,17 112)
(3  18):there is no shortest path.
(3,8,25,15,19 86)
(3,14,22,6,13,20 98)
(3,8,25,15,19,21 128)
(3,14,22 51)
(3  23):there is no shortest path.
(3,14,22,6,24 90)
(3,8,25 35)
(3,8,25,0,26 98)
(4,10,12,24,0 97)
(4,26,19,20,1 104)
(4  2):there is no shortest path.
(4,26,19,20,1,3 118)
(4  5):there is no shortest path.
(4,26,9,7,6 119)
(4,26,9,7 97)
(4,26,19,20,1,3,8 128)
(4,26,9 48)
(4,10 47)
(4,10,11 64)
(4,10,12 71)
(4,26,9,7,6,13 135)
(4,26,19,20,1,3,14 159)
(4,10,11,25,15 136)
(4,10,12,24,16 109)
(4,10,11,25,15,17 177)
(4  18):there is no shortest path.
(4,26,19 49)
(4,26,19,20 82)
(4,26,19,21 91)
(4,26,19,20,1,3,14,22 169)
(4  23):there is no shortest path.
(4,10,12,24 75)
(4,10,11,25 100)
(4,26 11)
(5,10,12,24,0 70)
(5,17,19,20,1 123)
(5  2):there is no shortest path.
(5,10,12,24,16,3 105)
(5  4):there is no shortest path.
(5,10,12,24,16,3,14,22,6 181)
(5,10,11,26,9,7 161)
(5,10,12,24,16,3,8 115)
(5,10,11,26,9 112)
(5,10 20)
(5,10,11 37)
(5,10,12 44)
(5,10,12,24,16,3,14,22,6,13 197)
(5,10,12,24,16,3,14 146)
(5,10,11,25,15 109)
(5,10,12,24,16 82)
(5,17 27)
(5  18):there is no shortest path.
(5,17,19 68)
(5,17,19,20 101)
(5,17,21 55)
(5,10,12,24,16,3,14,22 156)
(5  23):there is no shortest path.
(5,10,12,24 48)
(5,10,11,25 73)
(5,10,11,26 75)
(6,24,0 36)
(6,13,20,1 44)
(6  2):there is no shortest path.
(6,13,20,1,3 58)
(6  4):there is no shortest path.
(6  5):there is no shortest path.
(6,13,20,26,9,7 131)
(6,13,20,1,3,8 68)
(6,13,20,26,9 82)
(6,24,0,12,10 60)
(6,24,0,12,10,11 77)
(6,24,0,12 45)
(6,13 16)
(6,13,20,1,3,14 99)
(6,13,15 65)
(6,24,16 48)
(6,13,15,17 106)
(6  18):there is no shortest path.
(6,13,15,19 80)
(6,13,20 22)
(6,13,20,1,21 85)
(6,13,20,1,3,14,22 109)
(6  23):there is no shortest path.
(6,24 14)
(6,13,20,1,3,8,25 93)
(6,13,20,26 45)
(7,24,0 49)
(7,6,13,20,1 66)
(7  2):there is no shortest path.
(7,6,13,20,1,3 80)
(7  4):there is no shortest path.
(7  5):there is no shortest path.
(7,6 22)
(7,6,13,20,1,3,8 90)
(7,24,0,26,9 99)
(7,24,0,12,10 73)
(7,24,0,12,10,11 90)
(7,24,0,12 58)
(7,6,13 38)
(7,6,13,20,1,3,14 121)
(7,6,13,15 87)
(7,24,16 61)
(7,6,13,15,17 128)
(7  18):there is no shortest path.
(7,24,0,26,19 100)
(7,6,13,20 44)
(7,6,13,20,1,21 107)
(7,6,13,20,1,3,14,22 131)
(7  23):there is no shortest path.
(7,24 27)
(7,6,13,20,1,3,8,25 115)
(7,24,0,26 62)
(8,25,0 75)
(8,14,22,6,13,20,1 113)
(8  2):there is no shortest path.
(8,14,22,3 47)
(8  4):there is no shortest path.
(8  5):there is no shortest path.
(8,14,22,6 69)
(8,25,0,26,9,7 174)
(8,25,0,26,9 125)
(8,25,0,12,10 99)
(8,25,0,12,10,11 116)
(8,25,0,12 84)
(8,14,22,6,13 85)
(8,14 34)
(8,25,15 61)
(8,14,22,6,24,16 117)
(8,25,15,17 102)
(8  18):there is no shortest path.
(8,25,15,19 76)
(8,14,22,6,13,20 91)
(8,25,15,19,21 118)
(8,14,22 44)
(8  23):there is no shortest path.
(8,14,22,6,24 83)
(8,25 25)
(8,25,0,26 88)
(9,24,0 64)
(9,7,6,13,20,1 115)
(9  2):there is no shortest path.
(9,24,16,3 99)
(9  4):there is no shortest path.
(9  5):there is no shortest path.
(9,7,6 71)
(9,7 49)
(9,24,16,3,8 109)
(9,24,0,12,10 88)
(9,24,0,12,10,11 105)
(9,24,0,12 73)
(9,7,6,13 87)
(9,24,16,3,14 140)
(9,7,6,13,15 136)
(9,24,16 76)
(9,7,6,13,15,17 177)
(9  18):there is no shortest path.
(9,24,0,26,19 115)
(9,7,6,13,20 93)
(9,7,6,13,20,1,21 156)
(9,24,16,3,14,22 150)
(9  23):there is no shortest path.
(9,24 42)
(9,24,16,3,8,25 134)
(9,24,0,26 77)
(10,12,24,0 50)
(10,11,26,19,20,1 148)
(10  2):there is no shortest path.
(10,12,24,16,3 85)
(10  4):there is no shortest path.
(10  5):there is no shortest path.
(10,12,24,16,3,14,22,6 161)
(10,11,26,9,7 141)
(10,12,24,16,3,8 95)
(10,11,26,9 92)
(10,11 17)
(10,12 24)
(10,12,24,16,3,14,22,6,13 177)
(10,12,24,16,3,14 126)
(10,11,25,15 89)
(10,12,24,16 62)
(10,11,25,15,17 130)
(10  18):there is no shortest path.
(10,11,26,19 93)
(10,11,26,19,20 126)
(10,11,26,19,21 135)
(10,12,24,16,3,14,22 136)
(10  23):there is no shortest path.
(10,12,24 28)
(10,11,25 53)
(10,11,26 55)
(11,25,0 86)
(11,26,19,20,1 131)
(11  2):there is no shortest path.
(11,26,19,20,1,3 145)
(11  4):there is no shortest path.
(11  5):there is no shortest path.
(11,26,9,7,6 146)
(11,26,9,7 124)
(11,26,19,20,1,3,8 155)
(11,26,9 75)
(11,25,0,12,10 110)
(11,25,0,12 95)
(11,26,9,7,6,13 162)
(11,26,19,20,1,3,14 186)
(11,25,15 72)
(11,25,0,12,24,16 133)
(11,25,15,17 113)
(11  18):there is no shortest path.
(11,26,19 76)
(11,26,19,20 109)
(11,26,19,21 118)
(11,26,19,20,1,3,14,22 196)
(11  23):there is no shortest path.
(11,25,0,12,24 99)
(11,25 36)
(11,26 38)
(12,24,0 26)
(12,24,0,26,19,20,1 132)
(12  2):there is no shortest path.
(12,24,16,3 61)
(12  4):there is no shortest path.
(12  5):there is no shortest path.
(12,24,16,3,14,22,6 137)
(12,24,0,26,9,7 125)
(12,24,16,3,8 71)
(12,24,0,26,9 76)
(12,10 15)
(12,10,11 32)
(12,24,16,3,14,22,6,13 153)
(12,24,16,3,14 102)
(12,10,11,25,15 104)
(12,24,16 38)
(12,10,11,25,15,17 145)
(12  18):there is no shortest path.
(12,24,0,26,19 77)
(12,24,0,26,19,20 110)
(12,24,0,26,19,21 119)
(12,24,16,3,14,22 112)
(12  23):there is no shortest path.
(12,24 4)
(12,10,11,25 68)
(12,24,0,26 39)
(13,20,1,3,8,25,0 127)
(13,20,1 28)
(13  2):there is no shortest path.
(13,20,1,3 42)
(13  4):there is no shortest path.
(13  5):there is no shortest path.
(13,20,1,3,14,22,6 118)
(13,20,26,9,7 115)
(13,20,1,3,8 52)
(13,20,26,9 66)
(13,20,1,21,12,10 121)
(13,20,1,21,12,10,11 138)
(13,20,1,21,12 106)
(13,20,1,3,14 83)
(13,15 49)
(13,20,1,21,16 114)
(13,15,17 90)
(13  18):there is no shortest path.
(13,15,19 64)
(13,20 6)
(13,20,1,21 69)
(13,20,1,3,14,22 93)
(13  23):there is no shortest path.
(13,20,26,9,24 108)
(13,20,1,3,8,25 77)
(13,20,26 29)
(14,22,6,24,0 71)
(14,22,6,13,20,1 79)
(14  2):there is no shortest path.
(14,22,3 13)
(14  4):there is no shortest path.
(14  5):there is no shortest path.
(14,22,6 35)
(14,22,6,13,20,26,9,7 166)
(14,22,3,8 23)
(14,22,6,13,20,26,9 117)
(14,22,6,24,0,12,10 95)
(14,22,6,24,0,12,10,11 112)
(14,22,6,24,0,12 80)
(14,22,6,13 51)
(14,22,3,8,25,15 84)
(14,22,6,24,16 83)
(14,22,3,8,25,15,17 125)
(14  18):there is no shortest path.
(14,22,3,8,25,15,19 99)
(14,22,6,13,20 57)
(14,22,6,13,20,1,21 120)
(14,22 10)
(14  23):there is no shortest path.
(14,22,6,24 49)
(14,22,3,8,25 48)
(14,22,6,13,20,26 80)
(15,19,21,12,24,0 120)
(15,19,20,1 70)
(15  2):there is no shortest path.
(15,19,20,1,3 84)
(15  4):there is no shortest path.
(15  5):there is no shortest path.
(15,19,20,1,3,14,22,6 160)
(15,19,20,26,9,7 157)
(15,19,20,1,3,8 94)
(15,19,20,26,9 108)
(15,19,21,12,10 109)
(15,19,21,12,10,11 126)
(15,19,21,12 94)
(15,19,20,1,3,14,22,6,13 176)
(15,19,20,1,3,14 125)
(15,19,21,16 102)
(15,17 41)
(15  18):there is no shortest path.
(15,19 15)
(15,19,20 48)
(15,19,21 57)
(15,19,20,1,3,14,22 135)
(15  23):there is no shortest path.
(15,19,21,12,24 98)
(15,19,20,1,3,8,25 119)
(15,19,20,26 71)
(16,3,8,25,0 108)
(16,26,19,20,1 125)
(16  2):there is no shortest path.
(16,3 23)
(16  4):there is no shortest path.
(16  5):there is no shortest path.
(16,3,14,22,6 99)
(16,26,9,7 118)
(16,3,8 33)
(16,26,9 69)
(16,3,8,25,0,12,10 132)
(16,3,8,25,0,12,10,11 149)
(16,3,8,25,0,12 117)
(16,3,14,22,6,13 115)
(16,3,14 64)
(16,3,8,25,15 94)
(16,3,8,25,15,17 135)
(16  18):there is no shortest path.
(16,26,19 70)
(16,26,19,20 103)
(16,26,19,21 112)
(16,3,14,22 74)
(16  23):there is no shortest path.
(16,26,9,24 111)
(16,3,8,25 58)
(16,26 32)
(17,21,12,24,0 91)
(17,19,20,1 96)
(17  2):there is no shortest path.
(17,21,16,3 96)
(17  4):there is no shortest path.
(17  5):there is no shortest path.
(17,21,16,3,14,22,6 172)
(17,19,20,26,9,7 183)
(17,21,16,3,8 106)
(17,19,20,26,9 134)
(17,21,12,10 80)
(17,21,12,10,11 97)
(17,21,12 65)
(17,21,16,3,14,22,6,13 188)
(17,21,16,3,14 137)
(17,21,16,3,8,25,15 167)
(17,21,16 73)
(17  18):there is no shortest path.
(17,19 41)
(17,19,20 74)
(17,21 28)
(17,21,16,3,14,22 147)
(17  23):there is no shortest path.
(17,21,12,24 69)
(17,21,16,3,8,25 131)
(17,19,20,26 97)
(18,24,0 30)
(18,1 48)
(18  2):there is no shortest path.
(18,1,3 62)
(18  4):there is no shortest path.
(18  5):there is no shortest path.
(18,1,3,14,22,6 138)
(18,24,0,26,9,7 129)
(18,1,3,8 72)
(18,24,0,26,9 80)
(18,24,0,12,10 54)
(18,24,0,12,10,11 71)
(18,24,0,12 39)
(18,1,3,14,22,6,13 154)
(18,1,3,14 103)
(18,1,3,8,25,15 133)
(18,24,16 42)
(18,1,3,8,25,15,17 174)
(18,24,0,26,19 81)
(18,24,0,26,19,20 114)
(18,1,21 89)
(18,1,3,14,22 113)
(18  23):there is no shortest path.
(18,24 8)
(18,1,3,8,25 97)
(18,24,0,26 43)
(19,21,12,24,0 105)
(19,20,1 55)
(19  2):there is no shortest path.
(19,20,1,3 69)
(19  4):there is no shortest path.
(19  5):there is no shortest path.
(19,20,1,3,14,22,6 145)
(19,20,26,9,7 142)
(19,20,1,3,8 79)
(19,20,26,9 93)
(19,21,12,10 94)
(19,21,12,10,11 111)
(19,21,12 79)
(19,20,1,3,14,22,6,13 161)
(19,20,1,3,14 110)
(19,20,1,3,8,25,15 140)
(19,21,16 87)
(19,20,1,3,8,25,15,17 181)
(19  18):there is no shortest path.
(19,20 33)
(19,21 42)
(19,20,1,3,14,22 120)
(19  23):there is no shortest path.
(19,21,12,24 83)
(19,20,1,3,8,25 104)
(19,20,26 56)
(20,1,3,8,25,0 121)
(20,1 22)
(20  2):there is no shortest path.
(20,1,3 36)
(20  4):there is no shortest path.
(20  5):there is no shortest path.
(20,1,3,14,22,6 112)
(20,26,9,7 109)
(20,1,3,8 46)
(20,26,9 60)
(20,1,21,12,10 115)
(20,1,21,12,10,11 132)
(20,1,21,12 100)
(20,1,3,14,22,6,13 128)
(20,1,3,14 77)
(20,1,3,8,25,15 107)
(20,1,21,16 108)
(20,1,3,8,25,15,17 148)
(20  18):there is no shortest path.
(20,26,19 61)
(20,1,21 63)
(20,1,3,14,22 87)
(20  23):there is no shortest path.
(20,26,9,24 102)
(20,1,3,8,25 71)
(20,26 23)
(21,12,24,0 63)
(21,12,24,0,26,19,20,1 169)
(21  2):there is no shortest path.
(21,16,3 68)
(21  4):there is no shortest path.
(21  5):there is no shortest path.
(21,16,3,14,22,6 144)
(21,12,24,0,26,9,7 162)
(21,16,3,8 78)
(21,12,24,0,26,9 113)
(21,12,10 52)
(21,12,10,11 69)
(21,12 37)
(21,16,3,14,22,6,13 160)
(21,16,3,14 109)
(21,16,3,8,25,15 139)
(21,16 45)
(21,16,3,8,25,15,17 180)
(21  18):there is no shortest path.
(21,12,24,0,26,19 114)
(21,12,24,0,26,19,20 147)
(21,16,3,14,22 119)
(21  23):there is no shortest path.
(21,12,24 41)
(21,16,3,8,25 103)
(21,12,24,0,26 76)
(22,6,24,0 61)
(22,6,13,20,1 69)
(22  2):there is no shortest path.
(22,3 3)
(22  4):there is no shortest path.
(22  5):there is no shortest path.
(22,6 25)
(22,6,13,20,26,9,7 156)
(22,3,8 13)
(22,6,13,20,26,9 107)
(22,6,24,0,12,10 85)
(22,6,24,0,12,10,11 102)
(22,6,24,0,12 70)
(22,6,13 41)
(22,3,14 44)
(22,3,8,25,15 74)
(22,6,24,16 73)
(22,3,8,25,15,17 115)
(22  18):there is no shortest path.
(22,3,8,25,15,19 89)
(22,6,13,20 47)
(22,6,13,20,1,21 110)
(22  23):there is no shortest path.
(22,6,24 39)
(22,3,8,25 38)
(22,6,13,20,26 70)
(23,20,1,3,8,25,0 131)
(23,20,1 32)
(23  2):there is no shortest path.
(23,20,1,3 46)
(23  4):there is no shortest path.
(23  5):there is no shortest path.
(23,20,1,3,14,22,6 122)
(23,20,26,9,7 119)
(23,20,1,3,8 56)
(23,20,26,9 70)
(23,20,1,21,12,10 125)
(23,20,1,21,12,10,11 142)
(23,20,1,21,12 110)
(23,20,1,3,14,22,6,13 138)
(23,20,1,3,14 87)
(23,20,1,3,8,25,15 117)
(23,20,1,21,16 118)
(23,20,1,3,8,25,15,17 158)
(23  18):there is no shortest path.
(23,20,26,19 71)
(23,20 10)
(23,20,1,21 73)
(23,20,1,3,14,22 97)
(23,20,26,9,24 112)
(23,20,1,3,8,25 81)
(23,20,26 33)
(24,0 22)
(24,0,26,19,20,1 128)
(24  2):there is no shortest path.
(24,16,3 57)
(24  4):there is no shortest path.
(24  5):there is no shortest path.
(24,16,3,14,22,6 133)
(24,0,26,9,7 121)
(24,16,3,8 67)
(24,0,26,9 72)
(24,0,12,10 46)
(24,0,12,10,11 63)
(24,0,12 31)
(24,16,3,14,22,6,13 149)
(24,16,3,14 98)
(24,16,3,8,25,15 128)
(24,16 34)
(24,16,3,8,25,15,17 169)
(24  18):there is no shortest path.
(24,0,26,19 73)
(24,0,26,19,20 106)
(24,0,26,19,21 115)
(24,16,3,14,22 108)
(24  23):there is no shortest path.
(24,16,3,8,25 92)
(24,0,26 35)
(25,0 50)
(25,15,19,20,1 106)
(25  2):there is no shortest path.
(25,0,12,24,16,3 120)
(25  4):there is no shortest path.
(25  5):there is no shortest path.
(25,0,26,9,7,6 171)
(25,0,26,9,7 149)
(25,0,12,24,16,3,8 130)
(25,0,26,9 100)
(25,0,12,10 74)
(25,0,12,10,11 91)
(25,0,12 59)
(25,0,26,9,7,6,13 187)
(25,0,12,24,16,3,14 161)
(25,15 36)
(25,0,12,24,16 97)
(25,15,17 77)
(25  18):there is no shortest path.
(25,15,19 51)
(25,15,19,20 84)
(25,15,19,21 93)
(25,0,12,24,16,3,14,22 171)
(25  23):there is no shortest path.
(25,0,12,24 63)
(25,0,26 63)
(26,9,24,0 101)
(26,19,20,1 93)
(26  2):there is no shortest path.
(26,19,20,1,3 107)
(26  4):there is no shortest path.
(26  5):there is no shortest path.
(26,9,7,6 108)
(26,9,7 86)
(26,19,20,1,3,8 117)
(26,9 37)
(26,9,24,0,12,10 125)
(26,9,24,0,12,10,11 142)
(26,9,24,0,12 110)
(26,9,7,6,13 124)
(26,19,20,1,3,14 148)
(26,9,7,6,13,15 173)
(26,9,24,16 113)
(26,9,7,6,13,15,17 214)
(26  18):there is no shortest path.
(26,19 38)
(26,19,20 71)
(26,19,21 80)
(26,19,20,1,3,14,22 158)
(26  23):there is no shortest path.
(26,9,24 79)
(26,19,20,1,3,8,25 142)
