0 118 20
0 51 15
0 103 19
0 22 11
0 125 1
0 92 2
0 76 16
0 87 12
0 60 6
0 14 15
0 66 12
0 117 19
0 58 11
0 15 2
0 10 12
0 91 13
0 39 12
0 23 4
0 17 14
0 24 5
0 45 15
0 52 4
1 57 1
1 66 9
1 120 10
1 34 12
1 98 4
1 42 9
1 13 16
1 44 5
1 113 3
1 73 13
1 14 7
1 108 17
1 0 4
1 21 12
1 29 2
1 117 4
1 23 4
1 83 6
1 46 14
1 37 19
1 115 17
1 22 10
1 38 1
1 85 9
1 75 12
1 79 8
1 127 9
1 63 20
1 9 11
1 6 2
1 62 11
1 67 1
1 109 19
1 56 6
1 101 20
1 100 7
1 97 10
1 105 7
1 16 1
1 10 15
1 33 8
1 78 9
1 102 10
1 54 3
1 92 11
1 116 11
1 31 8
1 86 11
1 24 8
1 65 19
1 121 3
1 30 6
1 89 12
1 69 20
1 91 15
1 90 5
1 61 15
2 100 15
2 29 5
2 109 12
2 3 14
2 64 4
2 8 1
2 121 18
2 73 2
2 97 11
2 119 16
2 50 1
2 120 19
2 76 8
2 52 1
2 55 11
2 51 10
2 49 11
2 80 15
2 79 5
2 93 4
2 58 2
2 77 8
2 48 16
2 11 9
2 102 7
2 95 18
2 19 6
2 39 3
2 115 16
2 21 16
3 113 17
3 38 10
3 121 15
3 25 4
3 102 6
3 100 16
3 85 7
3 57 8
3 84 19
3 71 1
3 23 16
3 73 4
3 22 9
3 54 16
3 118 9
3 32 2
3 51 10
3 61 2
3 13 11
3 10 17
3 37 11
3 59 14
3 103 7
3 7 10
3 119 6
3 123 9
3 122 18
4 121 4
4 77 14
4 52 19
4 12 18
4 53 20
4 21 11
4 111 19
4 41 13
4 86 14
4 119 5
4 85 19
4 89 20
4 73 13
4 96 12
4 34 17
4 30 2
4 23 20
4 104 4
4 91 6
4 123 13
4 80 5
4 19 5
4 57 9
4 37 1
4 116 5
4 51 7
4 5 19
4 87 13
4 27 14
4 49 7
4 20 9
4 3 1
4 126 20
4 9 19
4 62 3
4 48 1
4 18 13
4 107 10
4 54 9
4 99 8
4 25 4
4 64 9
4 74 2
4 68 6
5 53 9
5 117 16
5 0 10
5 119 8
5 101 10
5 27 6
5 98 13
5 60 20
5 64 16
5 43 20
5 31 14
5 72 20
5 118 3
5 71 10
5 75 13
5 16 9
5 123 14
5 116 6
5 113 1
5 22 3
5 78 15
5 26 2
6 70 7
6 95 5
6 37 3
6 10 11
6 18 18
6 63 3
6 100 19
6 29 6
6 14 18
6 114 12
6 31 8
6 53 2
6 108 20
6 90 12
6 83 17
6 13 19
6 107 18
6 79 2
6 41 12
6 91 7
6 109 7
6 46 17
6 51 20
6 60 12
6 117 13
6 65 19
6 116 19
6 112 2
6 102 9
6 94 3
6 82 18
6 15 8
6 27 16
6 68 9
6 54 12
6 42 18
7 71 15
7 46 19
7 20 18
7 16 7
7 118 20
7 21 6
8 95 20
8 52 5
8 124 1
8 19 8
8 100 7
8 26 18
8 73 16
8 126 2
8 34 12
8 57 9
8 98 8
8 24 3
8 125 8
8 91 13
8 81 13
8 33 1
8 50 20
8 35 16
8 101 13
8 87 19
8 117 8
8 92 17
8 18 18
8 20 10
8 23 7
8 55 9
8 10 9
8 113 5
8 25 5
8 5 18
8 114 14
9 117 18
9 46 20
9 122 13
9 81 13
9 36 15
9 30 18
9 85 16
9 50 5
9 124 8
9 15 5
9 68 9
9 93 1
9 23 2
9 65 3
9 35 16
9 69 8
9 114 15
9 74 8
9 119 16
9 18 19
9 11 3
9 21 8
9 31 16
9 100 18
9 0 4
9 87 15
9 86 8
9 108 2
9 54 13
9 90 3
9 120 18
9 52 17
9 96 17
9 34 4
9 27 15
9 76 11
9 102 6
9 80 9
10 124 10
10 102 5
10 96 19
10 119 19
10 21 6
10 112 20
10 97 11
10 32 17
10 11 8
10 85 1
10 92 20
10 37 11
10 62 4
10 42 7
10 93 17
10 52 6
10 44 6
10 125 19
10 116 6
10 74 5
10 49 6
10 126 9
10 84 5
10 89 17
10 81 9
10 18 13
10 120 13
10 118 7
10 14 14
10 36 7
10 43 8
10 51 16
10 39 17
10 24 1
10 22 1
10 101 4
10 2 18
10 31 16
10 20 4
10 46 3
10 5 15
10 104 7
10 75 19
10 109 4
12 103 17
12 43 16
12 102 12
12 67 10
12 90 11
12 95 8
12 57 10
12 70 8
12 111 13
12 112 3
12 81 13
12 21 14
12 116 19
12 13 7
12 117 13
12 19 2
12 39 10
12 79 19
13 89 15
13 31 9
13 11 12
13 90 19
13 17 19
13 125 14
13 2 6
13 40 9
13 85 5
13 53 3
13 71 13
13 46 6
13 84 10
13 80 3
13 52 17
13 55 10
13 111 17
13 48 18
13 47 4
13 88 11
13 62 14
13 4 7
13 64 15
13 34 11
13 108 8
13 50 20
13 21 15
13 60 18
13 82 12
13 113 17
13 83 13
13 43 16
13 122 6
13 121 15
13 101 5
13 59 10
13 39 12
13 20 12
13 104 7
13 26 6
13 86 4
13 35 11
13 116 17
13 56 13
13 93 12
13 28 7
13 79 11
13 32 2
13 124 5
13 67 19
13 30 7
13 49 16
13 103 2
13 81 14
13 123 19
14 67 17
14 107 9
14 65 1
14 105 13
14 15 20
14 113 16
14 73 4
15 127 19
15 118 15
15 54 19
15 22 19
15 125 3
15 50 14
15 93 6
15 98 14
16 114 6
16 95 5
16 27 1
16 28 4
16 56 4
16 89 12
16 92 14
16 31 15
16 14 20
16 127 7
16 61 4
16 24 2
16 87 10
16 117 20
16 65 6
16 79 7
16 21 10
16 20 8
16 90 1
16 33 16
16 110 6
16 112 9
16 30 19
16 53 14
16 32 12
16 125 3
16 40 18
16 85 19
16 12 19
16 64 15
17 73 6
17 2 10
17 106 12
17 118 11
17 107 19
17 110 5
17 20 4
17 6 18
17 72 1
17 70 10
17 78 18
17 1 13
17 46 13
17 109 8
17 64 1
17 125 10
17 83 15
17 80 6
17 97 3
17 3 1
17 100 19
17 53 17
17 92 6
17 103 13
17 39 9
17 44 18
17 104 6
17 121 10
17 67 18
17 62 11
17 89 1
17 47 13
17 24 7
17 63 19
17 126 15
17 33 9
17 25 7
17 21 11
17 68 18
17 43 6
17 23 5
17 29 4
17 101 16
17 49 1
17 123 17
17 124 3
17 108 15
17 99 2
17 27 17
17 93 8
17 65 8
17 7 1
17 52 8
17 120 11
17 9 15
17 79 10
17 71 16
17 36 17
17 54 1
17 95 5
17 41 19
18 24 14
18 81 16
18 96 16
18 14 19
18 11 8
18 82 7
18 115 13
18 41 16
18 117 12
18 7 7
18 50 2
18 100 8
18 75 18
18 71 16
18 65 12
18 125 7
18 83 4
18 63 11
18 60 10
18 108 5
18 35 16
18 31 13
18 32 3
18 1 7
18 94 18
18 12 13
18 48 19
18 27 12
18 80 9
18 16 13
18 121 8
18 55 10
18 97 18
18 3 7
18 54 6
18 120 7
18 89 13
18 47 13
18 124 3
18 85 14
19 10 17
19 102 3
19 34 18
19 7 1
19 85 18
19 61 2
19 77 15
19 124 16
19 70 15
19 6 11
19 3 12
19 66 3
19 76 3
19 28 3
19 81 19
19 15 8
19 59 10
19 30 10
19 46 12
19 118 9
19 109 19
19 120 2
19 39 11
19 36 20
19 20 18
19 78 3
19 48 12
19 21 3
19 24 14
19 125 16
19 53 8
19 5 1
19 117 14
19 98 11
19 126 3
19 86 3
19 121 14
19 62 16
19 80 9
19 96 20
19 47 12
19 110 1
19 18 20
19 97 19
19 114 12
19 33 3
19 115 8
19 93 7
19 44 10
19 71 17
19 40 5
19 101 16
20 77 15
20 49 10
20 34 10
20 69 3
20 111 10
20 117 3
20 23 3
20 89 14
20 81 2
20 40 3
20 94 8
20 65 16
20 104 9
20 59 9
20 25 10
20 80 18
20 31 17
20 127 4
20 29 17
20 122 12
20 115 3
21 75 11
21 23 12
21 82 14
21 77 4
21 31 14
21 66 16
21 27 15
21 29 15
21 50 6
21 114 7
21 6 19
21 119 5
21 22 2
21 46 18
21 36 1
21 79 13
21 127 18
21 89 6
21 95 20
21 117 6
21 51 1
21 65 16
21 106 14
21 40 4
21 47 4
21 43 18
21 73 12
21 71 13
21 108 15
21 80 10
21 68 10
21 76 3
21 62 10
21 44 4
21 25 2
21 18 20
21 28 11
21 39 10
21 30 15
21 32 14
21 11 15
21 109 10
21 69 4
21 122 16
21 96 1
21 42 14
21 20 7
21 38 14
22 48 8
22 97 6
22 74 2
22 120 10
22 32 14
22 108 6
22 72 19
22 11 14
22 36 1
22 102 1
22 24 5
22 110 8
22 47 5
22 31 4
22 101 8
22 78 10
22 71 2
22 23 4
22 85 19
22 14 3
22 12 14
22 39 9
22 105 18
22 18 11
22 89 14
22 104 11
22 35 12
22 114 3
22 95 6
22 38 14
22 43 1
22 6 9
22 81 18
22 51 12
22 92 17
22 88 19
22 65 8
22 53 6
22 19 16
22 91 20
22 83 14
22 44 2
22 98 13
22 37 20
22 33 5
22 29 19
22 73 12
22 62 16
22 77 20
22 9 4
22 99 12
22 28 5
22 103 8
22 57 15
22 4 15
22 121 4
23 101 14
23 36 9
23 60 17
23 47 10
23 25 15
23 82 5
23 29 10
23 67 1
23 90 15
23 14 6
23 106 1
23 104 8
23 66 9
23 113 16
23 30 15
23 18 8
23 46 7
23 122 17
23 125 11
23 97 14
23 98 2
23 55 19
23 16 5
23 100 18
23 80 18
23 120 10
23 27 6
23 44 18
23 78 12
23 34 3
23 91 9
23 111 17
23 75 14
23 108 12
23 99 1
23 87 15
23 76 12
23 92 17
23 105 14
23 86 7
23 70 1
24 121 19
24 63 6
24 14 20
24 29 4
24 51 12
24 26 19
24 37 14
24 43 15
24 122 2
24 68 15
24 21 3
24 66 20
24 110 10
24 77 10
24 118 1
24 57 14
24 44 4
24 34 16
24 96 14
24 6 12
24 65 19
24 78 15
24 23 5
24 81 7
24 2 20
24 87 12
24 111 11
25 82 15
25 7 10
25 31 9
25 80 20
25 66 1
25 123 12
25 2 4
25 122 18
25 125 10
25 106 14
25 35 9
25 43 1
25 0 5
25 107 9
25 94 3
25 59 18
25 57 16
25 74 14
25 61 8
25 117 10
25 121 19
25 92 12
25 90 10
25 93 1
25 15 7
25 101 3
25 40 9
25 115 20
25 127 2
25 102 4
25 65 7
25 5 12
25 75 7
25 11 8
25 95 7
25 33 1
25 12 14
25 64 10
25 68 7
25 62 1
25 97 2
25 120 10
25 37 16
25 14 6
25 69 14
25 73 15
25 87 17
25 48 1
25 78 19
25 60 9
25 105 7
25 88 8
25 27 2
25 81 20
25 63 15
25 22 18
25 19 11
26 80 1
26 72 4
26 12 20
26 91 9
26 101 16
26 99 9
26 95 11
26 79 8
26 38 4
26 115 18
26 16 20
26 53 5
26 123 10
26 70 3
26 49 9
26 28 4
26 75 8
26 77 6
26 15 8
26 124 18
26 125 10
26 10 1
26 44 5
26 92 10
26 110 7
26 23 5
26 78 18
26 114 8
26 32 2
26 68 16
26 56 10
26 121 7
26 7 3
26 118 6
26 84 8
26 100 15
26 102 12
26 51 8
26 66 8
26 18 9
26 39 17
26 76 6
26 98 1
26 94 18
27 20 16
27 43 9
27 101 13
27 102 16
27 26 5
27 71 11
27 2 3
27 13 13
27 106 15
27 127 18
27 98 11
27 30 7
27 28 9
27 87 1
27 112 18
27 8 19
27 50 3
27 29 10
27 85 1
27 122 17
27 59 2
27 35 9
27 126 6
27 89 1
27 55 1
27 61 4
27 97 5
27 100 18
27 1 3
27 117 20
27 66 5
27 48 20
27 105 10
27 99 14
27 93 13
27 121 12
27 52 11
27 65 14
27 54 11
27 81 17
27 58 20
27 92 8
27 113 15
27 3 7
27 76 16
27 51 7
28 102 14
28 73 3
28 45 4
28 2 4
28 35 14
28 103 10
28 12 19
28 6 9
28 117 2
28 85 6
29 103 14
29 35 13
29 33 11
29 41 5
29 37 9
29 61 7
29 126 4
29 43 16
29 121 5
29 44 8
29 120 11
29 64 11
29 83 10
29 101 15
29 112 15
29 45 13
29 125 19
29 70 17
29 62 8
29 63 17
29 28 6
29 122 6
29 81 18
29 85 8
29 40 3
29 18 17
29 9 18
29 0 9
29 42 4
29 90 17
29 39 5
29 51 17
29 82 3
29 69 10
29 98 2
29 117 15
29 106 11
29 86 18
29 80 7
29 119 12
29 60 9
29 108 3
29 116 18
29 13 18
29 32 12
29 46 4
29 78 19
29 38 2
31 114 11
31 12 7
31 108 10
31 125 17
31 86 18
31 88 19
31 100 10
31 8 7
31 101 1
31 73 1
31 7 1
31 40 12
31 11 12
31 37 12
31 78 3
31 95 17
31 3 18
31 75 15
31 107 1
31 30 5
31 69 13
31 60 18
31 72 12
31 96 20
31 112 11
31 38 12
31 87 1
31 67 7
31 84 4
31 94 3
31 54 17
31 113 3
33 13 11
33 37 11
33 0 6
33 65 2
33 126 6
33 88 2
34 90 18
34 51 3
34 94 12
34 85 16
34 18 20
34 58 3
34 21 3
34 66 14
34 11 5
34 121 13
34 95 8
34 10 6
34 73 19
34 109 18
34 28 19
34 40 9
34 76 5
34 27 16
34 108 8
34 115 19
34 67 19
34 88 17
34 92 14
34 53 12
34 72 9
34 62 12
34 87 16
34 127 10
34 120 4
34 33 17
34 42 8
34 111 13
34 89 1
34 101 3
35 60 15
35 93 5
35 79 12
35 68 12
35 32 11
35 127 9
35 86 5
35 104 2
35 75 16
35 123 11
35 84 6
35 109 12
35 51 6
35 97 7
35 4 18
36 82 11
36 14 4
36 26 9
36 83 9
36 15 6
36 18 19
36 107 8
36 124 4
36 63 11
36 96 9
36 78 14
36 66 19
36 2 19
36 13 1
36 29 19
38 34 9
38 119 1
38 93 19
38 115 8
38 120 9
38 14 2
38 24 15
38 100 13
38 75 9
38 7 15
38 11 20
38 109 13
38 41 5
38 87 20
38 15 14
38 82 7
38 59 18
38 88 15
38 5 15
38 67 16
38 40 2
38 20 17
38 112 8
38 73 4
38 51 12
38 83 17
38 30 12
38 53 8
38 43 10
38 108 13
38 33 2
38 104 11
38 39 13
38 86 8
38 17 6
38 125 19
38 46 6
38 80 18
38 2 8
38 28 2
38 98 2
38 117 14
38 60 3
38 66 14
38 12 17
38 23 6
38 116 4
38 71 7
38 74 9
38 57 18
38 90 18
38 49 17
38 84 11
38 35 6
38 44 13
38 89 2
38 124 13
39 71 19
39 37 16
39 3 13
39 118 5
39 30 10
39 11 12
39 64 2
39 50 5
39 63 4
39 123 13
39 53 17
39 18 13
39 87 2
39 79 13
39 27 2
39 67 13
39 78 14
39 95 11
39 35 11
39 58 6
39 94 8
39 56 9
39 43 6
39 76 1
39 100 14
39 42 10
39 101 3
39 70 14
40 127 16
41 76 5
41 127 4
41 105 16
41 62 13
41 53 8
41 106 16
41 77 4
41 51 8
41 43 6
41 47 6
41 24 1
41 83 19
41 66 7
41 104 4
41 84 7
41 42 16
41 58 9
41 99 6
41 95 17
41 93 19
41 97 4
41 68 6
41 86 19
41 46 4
41 89 20
41 16 2
41 121 6
41 82 9
41 72 2
41 55 1
41 123 17
41 67 5
41 124 16
41 79 2
41 14 12
41 118 11
41 12 2
41 11 6
41 1 4
41 78 8
41 35 8
41 23 10
41 31 4
41 126 8
41 48 8
41 69 12
41 101 17
41 75 13
41 91 16
41 103 14
41 73 4
41 33 5
41 49 2
41 96 16
42 3 7
42 37 19
42 104 19
42 103 19
42 18 5
42 121 11
42 31 5
42 106 18
42 90 13
42 95 10
42 122 5
42 91 14
42 88 7
42 92 20
42 9 17
42 68 18
42 52 5
42 79 11
42 30 13
42 35 12
42 80 19
42 108 15
42 58 6
42 15 5
42 112 10
42 4 5
42 19 1
42 101 16
42 63 2
42 69 16
42 93 9
42 126 1
42 57 4
42 75 9
42 76 12
42 67 6
42 23 12
42 118 12
42 125 1
42 84 9
42 33 20
42 85 9
42 96 13
42 94 16
42 120 18
42 110 16
42 65 18
42 115 5
42 109 20
42 100 20
42 113 8
42 11 3
43 111 16
43 89 8
43 53 6
43 88 5
43 121 5
43 119 11
43 70 18
43 52 1
43 48 3
43 49 20
43 104 17
43 74 1
43 85 19
43 46 12
43 92 17
43 86 3
43 107 19
43 37 20
43 67 3
43 47 6
43 78 20
43 64 7
43 72 2
43 126 6
43 55 6
43 36 1
43 20 19
43 76 3
43 103 6
43 32 1
43 73 2
43 80 9
43 87 5
43 33 12
43 100 6
43 35 18
43 120 1
43 18 1
43 125 3
43 93 19
43 14 2
43 28 10
43 123 3
43 42 3
44 75 1
44 101 6
44 42 2
44 119 12
44 108 1
44 60 19
44 105 5
44 87 17
45 44 9
45 48 8
45 7 11
46 124 8
46 110 11
46 114 3
46 84 12
46 97 13
46 117 9
46 28 18
46 24 18
46 98 8
46 112 16
46 109 15
46 40 13
46 3 1
46 54 12
46 55 15
46 99 8
46 49 15
46 69 15
46 127 13
46 79 4
46 82 13
46 93 5
46 72 14
46 32 12
46 56 4
46 108 16
46 61 20
46 87 13
46 30 2
46 47 15
46 67 15
46 26 20
46 63 8
46 102 20
46 115 1
46 73 18
46 83 19
46 57 3
46 65 2
46 11 2
46 48 14
46 113 2
46 59 12
46 20 16
46 111 5
46 53 18
46 74 19
46 34 5
47 12 20
47 91 19
47 31 14
47 111 16
47 11 7
47 48 9
47 20 5
47 5 14
47 8 19
47 75 13
47 79 9
47 55 7
48 66 16
48 37 14
48 110 16
48 95 2
48 84 16
48 123 18
48 61 17
48 89 4
48 21 7
48 51 3
48 85 16
48 122 2
48 90 11
48 58 3
48 93 1
48 0 5
48 107 12
48 118 13
48 82 1
48 16 12
48 59 10
48 40 18
48 10 13
48 33 19
48 120 20
48 124 13
48 34 7
48 44 17
48 54 8
48 53 5
48 39 18
48 15 9
48 8 15
48 35 10
48 125 1
48 7 14
48 63 18
48 100 8
48 70 20
48 23 18
48 106 12
48 26 12
48 108 17
48 76 16
48 36 6
48 5 20
48 101 17
48 1 19
48 12 5
50 29 6
50 79 16
50 121 16
50 24 1
50 58 10
50 87 10
50 6 3
50 62 7
50 74 13
50 69 10
50 118 3
50 101 3
50 19 2
50 88 8
50 41 9
50 37 16
50 96 7
50 71 2
50 10 3
50 1 14
50 20 16
50 123 5
50 97 20
50 23 4
50 34 18
50 98 19
50 82 2
50 54 12
50 59 13
50 42 13
50 114 10
50 66 2
50 108 5
51 78 19
51 61 17
51 15 13
51 20 17
51 116 14
51 114 11
51 49 8
51 8 18
51 60 2
51 117 19
51 39 15
51 9 2
51 36 4
53 42 10
53 61 14
53 15 17
53 21 11
53 69 9
53 31 7
53 82 14
53 115 17
53 124 6
53 113 7
53 29 12
53 110 10
53 116 9
53 11 9
53 2 12
54 76 9
54 0 3
54 20 5
54 114 3
54 11 8
54 21 1
54 72 13
54 118 10
54 107 5
54 112 17
54 55 9
54 100 16
54 111 12
54 28 2
54 61 11
54 101 4
54 65 4
54 105 19
54 109 6
54 36 1
54 106 3
54 98 9
54 97 12
54 52 9
54 23 19
54 60 9
54 41 6
54 89 7
54 32 19
54 108 16
54 63 10
54 113 5
54 121 8
54 91 12
54 77 8
54 51 9
54 43 12
54 104 4
54 85 15
54 74 16
54 93 3
54 84 6
54 5 2
54 115 5
54 117 14
54 33 7
54 19 20
54 62 18
54 123 4
54 99 17
55 48 16
55 51 4
55 20 12
55 35 8
55 95 12
55 66 14
55 16 8
55 6 13
55 30 15
55 29 3
55 12 14
55 26 5
55 39 3
55 119 3
55 77 1
55 97 13
55 53 15
55 124 3
55 69 6
55 120 20
55 90 4
55 14 14
55 85 13
55 101 11
55 102 1
55 110 3
55 91 19
55 5 9
55 112 16
55 59 17
55 87 1
55 118 2
55 127 20
55 79 15
55 50 16
55 1 17
55 115 14
55 64 17
56 89 9
56 124 17
56 79 10
56 65 4
56 93 17
56 71 8
56 72 7
56 31 6
56 83 20
56 41 8
56 113 4
56 19 4
56 40 7
56 51 7
56 102 6
56 62 1
56 15 2
56 45 9
56 80 3
56 76 13
56 58 5
56 64 5
56 73 7
56 66 10
56 91 6
56 118 6
56 78 20
56 0 2
56 74 3
56 82 13
56 122 5
56 97 11
56 127 5
56 63 18
56 111 19
56 4 11
56 88 9
56 116 6
56 5 1
56 67 13
56 110 11
56 69 19
56 85 2
56 81 10
56 119 11
56 57 19
56 87 12
56 18 2
56 48 10
56 114 6
57 114 2
57 119 2
57 27 7
57 77 7
57 65 8
57 14 5
57 126 8
57 55 10
57 68 13
57 123 1
57 43 18
57 110 16
57 107 16
57 11 6
57 59 15
57 50 11
57 92 2
57 67 15
57 91 20
57 29 18
57 89 13
57 93 18
57 112 16
57 28 7
57 23 13
57 120 10
57 62 8
57 125 18
57 90 7
57 64 10
57 34 9
57 98 19
57 39 18
57 66 2
57 45 18
57 105 5
57 31 14
57 118 11
57 16 10
57 32 3
57 113 14
57 121 5
57 104 16
57 75 20
57 78 18
57 0 12
57 80 2
57 102 4
57 103 7
58 77 9
58 23 6
58 103 9
58 114 5
58 102 19
58 28 20
58 99 7
58 16 13
58 82 17
59 99 14
59 44 4
59 28 2
59 70 13
59 74 11
59 83 18
59 76 8
59 118 16
59 49 13
59 123 7
59 89 8
59 103 3
59 93 7
59 77 6
59 94 9
59 40 20
59 16 4
59 12 11
59 31 3
59 15 8
59 91 11
59 86 7
59 125 20
59 30 13
59 111 14
59 26 17
59 119 18
59 81 11
59 61 19
59 105 18
59 53 4
59 79 8
59 34 16
59 109 18
59 88 9
59 10 7
59 120 2
59 104 15
59 56 19
59 116 13
60 118 3
60 111 8
60 63 9
60 75 1
60 122 2
60 115 15
60 28 9
60 65 8
60 97 2
60 104 17
60 78 3
60 116 5
60 58 14
60 16 4
60 71 15
60 101 14
60 56 18
60 81 15
60 100 3
60 124 19
60 33 14
60 99 4
60 67 16
60 3 12
60 47 16
60 40 10
60 7 4
60 83 4
60 70 17
60 86 1
62 36 11
62 107 8
62 59 20
62 82 20
62 6 4
62 121 6
62 35 9
62 33 4
64 86 8
64 40 10
64 96 15
64 74 8
64 26 18
64 71 20
64 119 6
64 120 15
64 9 16
66 81 12
66 35 5
66 104 17
66 87 4
66 70 4
66 72 11
66 62 11
66 77 4
66 44 6
66 122 7
66 29 11
66 49 6
66 52 12
66 93 16
66 75 6
66 16 16
66 18 18
66 31 14
66 111 1
66 89 7
66 82 6
67 82 3
67 77 11
67 10 17
67 76 18
67 55 20
67 123 13
67 36 13
67 125 7
69 78 3
69 74 16
69 89 13
69 95 14
69 85 1
69 79 9
69 73 2
69 123 3
69 58 19
69 11 18
69 18 9
69 90 16
69 92 18
69 71 15
69 59 17
69 110 7
69 83 1
69 23 19
69 8 4
69 80 4
69 49 7
69 36 6
69 94 17
69 118 1
69 34 20
69 113 13
69 14 10
69 52 11
69 32 2
69 86 4
69 3 12
69 127 19
69 125 17
69 76 6
69 60 13
69 84 17
69 88 5
69 16 7
69 122 9
69 120 11
69 112 19
69 77 2
69 98 9
70 57 14
70 100 15
70 81 18
70 111 5
70 36 9
70 122 12
70 14 20
70 69 17
70 62 2
70 113 12
70 65 6
70 61 3
70 72 8
70 86 9
70 99 1
70 95 9
70 115 18
70 54 7
70 88 17
70 114 5
70 55 9
70 67 16
70 37 18
70 97 8
71 36 12
71 8 17
71 77 10
71 9 19
71 24 14
71 117 1
71 40 4
71 33 16
71 90 4
71 44 4
71 45 11
71 70 15
71 10 3
71 31 1
71 111 12
71 26 7
71 74 1
71 106 15
71 104 17
71 101 5
71 123 12
71 51 17
71 73 15
71 94 4
71 37 4
71 75 4
71 47 17
71 87 19
71 93 20
71 122 15
71 20 1
71 83 7
71 68 20
71 118 15
71 120 13
71 58 15
71 63 8
71 107 1
71 99 7
71 67 16
71 34 18
71 85 5
73 123 19
73 112 15
73 47 8
73 74 9
74 83 16
74 65 7
74 94 17
74 87 10
74 118 12
74 112 8
74 30 4
74 3 15
74 63 3
74 108 3
74 84 15
74 61 3
74 8 3
74 80 11
74 14 7
74 103 5
74 67 4
74 47 2
74 11 10
74 86 12
74 90 4
74 39 11
74 107 4
74 40 17
74 96 2
74 66 17
74 53 5
74 37 18
74 92 4
74 115 5
74 23 6
74 104 12
74 52 6
74 15 6
74 125 15
74 109 16
74 114 16
76 74 20
76 99 6
76 63 18
76 111 10
76 78 2
76 108 9
76 113 5
76 80 11
76 112 20
76 109 20
76 20 18
76 77 16
76 30 11
76 36 4
76 72 18
76 120 17
76 44 11
76 49 11
76 86 12
76 52 16
76 107 3
76 121 20
76 50 3
76 79 2
76 35 5
76 65 12
76 6 18
76 116 3
76 24 2
76 12 2
76 87 10
76 45 3
76 91 18
76 62 9
76 103 2
76 124 20
76 46 20
76 15 14
76 68 18
76 127 9
76 73 1
76 10 6
76 47 20
76 18 1
76 55 12
77 88 19
77 72 13
77 6 20
77 119 1
77 12 2
77 64 20
77 33 19
77 125 2
77 109 13
77 79 4
77 82 12
77 115 15
77 35 15
77 11 17
77 46 18
77 110 6
77 60 17
77 126 11
77 86 16
77 45 11
77 98 7
77 91 8
77 75 6
77 30 15
77 87 16
77 83 17
77 74 1
77 68 18
77 127 8
77 94 4
77 61 16
77 96 17
77 102 6
77 73 3
77 113 18
77 122 7
77 123 9
78 64 10
78 83 16
78 107 2
78 30 3
78 108 17
78 59 5
78 111 3
78 109 19
78 122 6
78 86 4
78 99 5
78 120 15
78 82 4
78 98 14
78 10 6
78 58 19
78 53 16
78 112 16
78 101 16
78 2 20
78 34 4
78 9 16
78 110 10
78 61 10
78 44 7
78 116 11
78 3 7
78 52 13
78 91 14
78 55 13
78 75 16
78 127 15
78 102 18
79 10 13
79 0 14
80 6 13
80 35 20
80 14 12
80 84 10
80 105 13
80 55 9
80 15 1
80 81 13
80 127 19
80 62 15
80 0 14
80 83 13
81 85 17
81 126 2
81 41 12
81 39 12
81 92 17
81 61 20
81 67 1
81 5 6
81 64 13
81 32 2
81 55 17
81 107 2
81 102 11
81 77 18
81 91 5
82 80 2
82 10 7
82 12 8
82 4 11
82 26 14
82 11 15
82 90 19
82 111 12
82 91 17
82 14 11
82 15 9
82 40 16
82 2 13
82 37 3
82 45 11
84 9 1
84 127 6
84 6 12
84 23 15
85 36 8
85 100 7
85 60 17
85 58 18
85 15 16
85 90 12
85 45 7
85 120 20
85 7 12
85 94 15
85 75 12
85 93 8
85 108 5
85 8 19
85 33 17
85 115 2
85 121 11
85 104 5
86 93 16
86 116 17
86 126 4
86 85 18
86 119 11
86 81 1
86 51 12
86 105 1
86 10 20
86 72 20
86 56 8
86 5 12
86 101 8
86 124 13
86 8 11
86 15 10
86 45 1
86 33 9
86 37 10
86 96 7
86 28 2
86 7 11
86 20 11
86 107 2
86 113 6
86 0 8
87 81 2
87 15 18
87 98 8
88 68 7
88 93 14
88 52 6
89 68 8
89 114 15
89 91 6
89 60 6
89 118 2
89 81 3
89 39 5
89 15 19
89 32 16
89 50 7
89 106 18
89 74 15
89 11 1
89 52 18
89 111 18
92 72 6
92 122 12
92 117 8
92 125 12
92 30 16
92 77 11
92 73 19
92 98 9
92 127 13
92 124 1
92 44 6
92 111 14
92 82 3
92 107 5
92 7 6
92 11 20
92 13 7
92 68 1
92 36 20
92 123 5
92 24 16
92 104 4
92 65 7
92 95 18
92 102 5
92 66 8
92 55 6
92 112 7
92 88 15
92 63 11
92 118 6
92 89 10
92 39 15
92 67 10
92 116 20
93 49 10
93 74 2
93 77 15
93 62 14
93 64 15
93 8 9
93 108 20
93 117 3
93 127 17
93 7 20
93 65 12
93 112 10
93 11 20
93 0 7
93 102 6
93 87 18
93 31 3
93 95 20
93 40 17
93 80 19
93 78 3
93 50 8
93 90 7
93 33 19
93 94 12
93 4 19
93 55 16
93 20 15
93 24 3
93 99 10
93 73 15
93 12 1
93 100 20
93 118 6
93 103 9
93 110 17
93 70 19
93 60 18
93 32 2
95 119 13
95 88 11
95 49 6
95 91 10
95 63 16
95 67 13
95 82 2
95 109 5
95 57 7
95 52 5
95 90 14
95 114 18
95 50 13
95 83 7
95 47 9
95 37 7
95 19 2
95 59 13
95 75 6
95 101 1
95 87 11
95 43 5
95 74 4
95 45 9
95 98 12
95 27 5
95 106 8
95 118 2
95 24 15
95 105 10
96 26 5
96 115 7
96 101 13
96 78 20
96 99 8
96 30 16
96 110 8
96 106 17
96 127 6
96 80 6
96 104 2
96 63 17
96 62 2
96 100 20
96 37 2
96 119 17
96 117 14
96 88 11
96 68 14
96 57 19
96 32 2
96 2 2
96 52 6
96 105 1
96 102 7
96 7 13
96 58 5
96 67 6
96 3 10
96 15 2
96 75 20
96 45 19
96 14 1
96 121 15
96 126 8
96 11 7
96 91 6
96 8 18
96 6 5
96 89 19
96 113 18
96 111 7
96 49 6
96 125 3
96 73 4
96 79 20
97 92 9
97 5 17
97 73 11
97 12 8
97 58 19
97 61 16
97 51 4
97 45 1
97 100 9
97 110 7
97 122 3
97 78 2
97 107 11
97 43 6
97 44 3
97 74 5
97 52 12
97 89 14
97 11 20
97 86 6
97 63 11
97 105 20
97 125 9
97 114 8
97 85 9
97 59 20
97 88 15
97 15 9
97 47 16
97 126 15
97 4 1
97 3 1
97 34 20
97 40 19
97 113 20
97 81 15
99 40 18
99 87 8
99 15 2
99 39 18
99 103 11
99 52 6
99 111 19
99 118 10
99 8 18
99 68 1
99 64 11
99 37 1
99 113 15
99 83 2
99 102 5
99 123 18
99 115 5
99 126 12
99 125 3
99 82 17
99 100 9
99 73 20
99 53 15
99 44 17
99 122 19
99 81 5
99 36 9
99 11 12
99 88 14
99 84 16
99 75 18
99 105 9
99 107 13
99 120 16
99 95 17
99 45 19
99 34 15
99 101 7
99 67 9
99 9 14
100 45 12
100 84 5
100 112 6
100 58 1
100 55 7
100 15 1
100 89 19
100 101 15
100 49 14
100 113 2
100 116 13
100 107 3
100 52 10
100 10 10
100 32 2
100 30 14
100 34 11
100 86 11
100 16 4
100 0 17
100 14 3
100 66 10
100 37 14
100 61 6
100 91 14
100 47 5
100 79 10
100 77 17
102 84 14
102 110 4
102 52 13
102 90 13
102 82 1
102 120 20
102 0 9
102 53 12
102 40 16
102 50 15
102 47 10
102 18 10
102 33 7
102 113 17
102 98 4
102 44 19
102 88 13
102 59 3
102 123 5
102 69 12
102 94 2
102 112 8
103 9 2
103 60 19
103 68 9
103 5 20
103 79 15
103 20 17
103 94 20
103 16 2
103 44 16
103 104 14
103 109 15
103 86 3
103 56 19
103 101 16
103 36 3
103 40 15
103 61 6
103 37 8
103 112 6
103 32 16
103 122 1
103 78 17
103 10 1
105 34 8
105 63 19
105 66 19
105 60 20
105 39 12
105 0 2
105 11 12
105 119 15
105 67 9
105 18 3
105 50 18
105 92 11
105 123 11
105 37 18
105 9 12
105 124 11
105 53 1
106 68 17
106 107 14
106 126 12
106 123 10
106 122 14
106 116 13
106 97 18
106 98 1
106 109 12
107 77 7
107 26 9
107 118 8
107 3 16
109 90 20
109 116 4
109 52 7
109 122 4
109 24 2
109 111 1
109 27 4
109 32 17
109 110 5
109 79 2
109 43 11
109 70 18
109 28 18
109 100 19
109 85 11
109 91 2
109 45 1
109 96 14
109 83 8
109 61 11
109 69 18
109 26 18
109 94 13
109 3 5
109 7 11
109 30 9
109 56 18
109 89 20
110 45 14
110 27 6
110 8 13
110 51 9
110 20 13
110 94 16
110 113 11
110 70 18
110 68 4
110 106 9
110 105 14
110 127 20
110 107 5
110 6 7
110 35 2
110 43 9
110 47 8
110 87 15
110 66 17
110 118 7
110 44 14
110 116 15
110 86 13
110 99 15
110 104 16
110 88 5
110 4 9
110 0 7
110 58 11
110 89 1
110 28 15
110 63 5
110 49 17
110 52 19
110 101 20
110 85 18
111 53 6
111 86 19
111 7 1
111 5 18
111 62 18
111 106 4
111 91 16
111 61 18
111 73 16
111 95 9
111 11 9
111 79 20
111 102 8
111 8 20
111 44 16
112 84 4
112 66 17
112 95 15
112 89 8
112 50 15
112 39 5
112 110 1
112 20 2
112 71 14
112 15 20
112 85 16
112 51 4
112 88 15
112 117 17
112 109 6
112 77 12
112 106 1
112 75 13
114 120 10
114 109 18
114 4 5
114 36 8
114 53 8
114 85 1
114 32 8
114 55 15
114 100 1
114 111 12
114 12 19
114 59 16
114 112 1
114 90 1
114 33 3
114 67 14
114 24 19
114 2 9
114 72 5
114 49 19
114 117 1
114 94 15
114 77 19
114 107 2
114 30 10
114 64 13
114 98 4
114 119 6
114 28 14
114 68 13
114 45 18
114 27 9
114 66 19
114 125 1
114 61 9
117 107 20
117 89 1
121 91 16
121 70 6
121 64 12
121 75 4
121 59 18
121 87 11
121 89 11
121 40 3
121 108 9
121 7 1
121 120 16
121 56 9
121 45 6
121 110 15
121 20 20
121 92 4
121 63 14
121 115 4
121 68 6
121 49 19
121 44 11
121 82 16
121 83 10
121 66 4
121 30 6
121 81 12
121 106 1
121 102 10
121 55 17
122 117 20
122 12 16
122 67 17
122 15 18
122 111 16
122 49 15
122 89 7
122 37 12
122 121 12
122 85 19
122 83 16
122 65 8
122 110 18
122 2 20
122 59 20
122 119 15
122 14 15
122 75 19
122 30 10
122 123 6
122 112 13
122 55 11
122 102 6
122 126 17
122 19 18
122 28 2
122 115 15
122 98 10
123 55 9
123 116 10
123 16 11
123 126 9
123 65 6
123 86 6
123 9 3
123 104 3
123 115 4
123 94 12
123 117 10
123 64 8
123 110 16
123 53 4
123 40 12
123 36 12
123 100 2
123 2 18
123 51 4
123 109 14
123 80 5
124 120 11
124 72 6
126 7 1
126 68 6
126 113 5
126 69 20
126 87 7
126 6 11
126 30 6
126 75 19
126 95 14
126 55 13
126 82 1
126 72 10
126 3 12
126 11 17
126 49 6
126 67 5
126 70 20
126 63 9
