0 46 6
0 11 11
0 21 16
0 53 17
0 35 12
0 5 7
0 55 9
0 52 2
0 61 20
0 31 18
0 63 7
0 36 18
0 7 4
0 56 17
0 45 9
0 8 15
0 34 12
0 15 10
0 62 15
0 25 20
0 23 3
0 54 9
0 58 5
0 22 6
0 30 7
0 14 19
0 32 18
0 37 15
1 5 4
1 53 19
1 42 3
1 41 20
1 16 12
1 6 10
1 30 4
1 33 2
1 35 11
1 61 13
1 46 5
1 15 1
1 55 3
1 8 6
1 58 4
1 20 19
1 44 11
1 39 6
1 14 15
1 60 14
1 10 2
1 9 10
1 52 3
2 55 20
2 19 6
2 43 12
2 54 19
2 35 14
2 3 16
2 46 7
2 27 7
2 44 19
2 48 19
2 34 14
2 57 5
2 61 5
2 28 7
2 29 20
2 18 6
2 0 10
3 55 8
3 5 16
3 18 2
3 41 19
3 33 11
3 50 15
3 26 18
3 31 6
3 1 9
3 0 3
4 20 7
4 37 20
4 23 10
4 27 19
4 12 17
4 52 20
4 36 15
4 44 17
4 30 15
4 15 14
4 49 15
4 34 20
4 7 3
4 29 9
4 16 10
4 33 20
4 55 12
4 31 7
4 41 18
4 39 14
4 6 13
4 11 16
4 2 18
4 40 10
4 43 14
4 5 17
4 22 7
4 17 5
4 48 16
4 63 18
4 14 19
5 54 9
5 25 10
5 51 7
5 18 4
5 50 9
5 8 8
5 48 18
5 35 17
5 60 7
5 47 4
5 57 5
5 28 4
5 62 20
5 42 13
5 45 11
5 30 19
5 12 1
5 59 3
5 36 15
5 17 6
5 10 3
6 36 18
6 37 3
6 54 6
6 9 4
6 8 8
6 47 7
6 52 6
6 40 6
6 5 12
6 0 18
6 23 6
6 48 4
6 16 3
6 56 12
6 60 8
6 13 3
6 34 15
6 61 9
6 32 17
6 17 10
6 27 16
6 35 17
6 19 14
6 44 17
6 21 19
6 24 5
6 14 17
6 42 2
7 26 19
7 11 12
7 1 5
7 3 11
7 42 18
7 15 5
7 53 1
7 6 10
7 10 16
7 12 4
7 16 12
7 38 18
7 28 6
7 8 15
7 41 12
7 24 19
7 21 18
7 43 17
7 31 9
7 35 6
7 29 11
7 39 9
7 5 4
7 9 4
7 27 18
7 17 4
7 52 14
7 56 10
8 50 19
8 13 5
8 40 16
8 51 12
8 63 16
8 62 9
8 15 7
8 57 11
8 30 11
8 17 1
8 9 4
8 10 18
8 55 8
8 33 11
8 28 13
8 26 16
8 2 12
8 19 19
8 59 13
8 43 13
8 56 5
10 27 4
10 55 13
10 49 2
10 4 17
10 29 8
10 30 4
10 23 7
10 26 8
10 38 8
11 13 4
11 42 14
11 8 14
12 42 2
12 30 13
12 54 12
12 41 3
12 8 19
12 0 15
12 1 6
12 45 12
12 16 2
12 27 7
12 17 14
12 60 5
12 23 7
12 52 12
12 22 12
12 20 15
12 6 19
12 15 5
12 37 6
12 9 8
12 53 19
12 3 12
13 61 4
13 16 11
13 53 7
13 43 8
13 10 16
13 9 6
13 40 18
13 35 8
13 63 9
13 37 2
13 46 19
14 41 19
14 10 15
14 40 4
14 5 12
14 27 5
14 52 13
14 24 3
14 44 20
14 22 14
14 49 5
14 50 7
14 26 14
14 32 9
14 43 12
14 35 17
14 55 2
14 37 6
14 45 2
14 62 7
15 35 3
15 43 11
15 50 18
15 58 16
15 30 11
15 56 2
15 55 3
15 23 3
15 14 14
15 9 12
15 16 4
15 42 4
15 60 18
15 40 18
15 49 3
15 18 13
15 61 16
15 41 19
15 39 4
15 46 5
15 62 17
15 24 11
15 29 16
15 13 15
15 57 17
15 32 12
17 34 19
17 61 3
17 56 17
17 47 17
17 39 14
17 18 16
17 32 15
17 35 13
17 40 17
17 41 11
17 57 10
17 36 17
17 26 13
17 59 12
17 28 12
17 31 14
17 30 17
17 2 16
17 14 7
17 9 18
17 33 18
17 62 6
17 53 11
17 3 20
17 22 6
18 23 4
18 59 7
18 58 14
19 46 6
19 50 2
19 43 5
19 44 7
20 38 7
20 62 12
20 17 15
20 30 14
20 58 13
20 25 12
20 52 10
20 56 15
20 44 2
20 19 12
20 61 17
20 27 18
20 9 12
20 32 1
20 39 15
20 13 16
20 46 17
20 5 4
20 37 12
20 47 17
20 16 19
20 57 19
20 34 17
20 2 12
20 33 6
21 53 18
21 18 15
21 20 2
21 31 12
21 32 10
21 10 4
21 22 11
21 8 6
21 41 9
21 63 7
21 50 4
21 52 16
21 46 11
21 38 20
21 58 11
22 52 19
22 36 2
22 25 17
22 1 13
22 50 4
22 23 7
22 18 10
22 32 5
22 16 6
22 49 15
22 53 12
22 54 5
22 28 12
22 39 7
22 35 2
22 2 9
23 1 2
24 1 7
24 28 12
24 11 18
24 30 5
24 34 13
24 57 18
24 33 18
24 58 19
24 63 14
24 29 14
24 9 18
24 3 20
24 41 9
24 51 18
24 36 14
24 38 9
24 53 11
24 47 8
24 20 16
24 12 5
25 35 2
25 51 3
25 33 3
25 63 8
25 2 7
25 28 13
25 21 2
25 38 8
25 24 13
25 8 3
25 13 9
25 61 7
25 55 7
25 12 6
25 37 18
25 41 16
25 36 2
25 11 1
25 14 9
25 56 4
25 29 15
25 32 9
25 40 14
25 60 1
25 27 5
25 34 6
25 10 3
25 62 10
26 33 6
26 40 11
26 43 4
26 48 2
26 5 14
26 58 3
26 45 9
26 11 7
26 12 5
26 59 10
26 44 9
26 32 16
26 49 8
26 21 9
26 19 4
26 9 17
26 35 20
26 57 2
26 20 1
28 1 1
28 48 15
28 34 19
28 35 1
28 49 2
28 16 10
28 60 11
28 40 15
28 26 17
28 61 10
28 3 8
28 32 16
28 45 7
28 9 16
28 33 11
28 29 5
28 55 2
28 18 6
30 38 9
30 43 13
30 11 17
30 26 14
30 45 20
30 2 11
30 59 7
30 14 16
30 23 5
30 42 16
30 7 3
30 46 11
30 49 12
30 29 16
30 52 4
30 63 8
30 9 1
32 61 17
32 58 6
32 48 14
32 1 18
32 38 10
32 34 13
32 46 19
32 57 8
33 41 8
33 42 5
33 46 2
33 59 13
33 63 2
33 11 18
33 16 15
33 53 2
33 21 9
34 56 9
34 18 12
34 14 20
34 10 1
34 53 10
34 62 14
34 42 14
34 27 17
34 26 11
34 49 1
34 39 5
34 37 19
34 44 14
34 31 19
34 50 18
34 9 3
34 45 17
34 1 16
34 46 6
35 60 11
35 58 14
35 49 20
35 32 18
35 31 15
35 27 17
35 30 20
38 28 15
38 8 1
38 27 19
38 18 1
38 34 1
38 42 19
38 39 2
38 49 13
38 43 2
38 19 9
38 37 4
38 63 12
38 40 19
38 47 17
38 11 10
38 57 7
38 45 17
38 12 3
38 16 6
38 61 7
39 59 2
39 48 7
39 29 7
39 58 16
39 23 14
39 49 13
39 28 3
39 62 7
39 14 11
39 9 11
39 27 4
39 55 5
39 53 6
39 63 6
39 21 2
39 32 4
40 49 11
40 30 11
40 51 17
40 60 9
40 59 3
40 50 3
40 58 7
40 37 7
40 52 20
40 35 1
40 62 2
40 31 18
40 3 6
40 22 18
40 53 18
40 39 19
40 23 19
41 32 8
41 62 11
41 36 1
41 22 7
41 29 9
41 31 11
41 51 12
42 58 17
42 28 20
42 56 4
42 8 8
42 54 17
42 9 12
42 50 2
42 43 7
42 55 7
42 52 20
42 27 14
42 63 10
42 13 3
42 35 7
42 39 16
42 16 1
43 62 6
43 36 14
43 11 14
43 58 20
45 11 3
45 59 16
45 46 15
45 24 19
45 47 5
45 39 3
45 10 15
46 39 16
46 35 8
46 44 3
46 57 13
46 16 13
46 43 2
46 28 11
46 54 4
46 53 14
46 63 11
46 40 9
46 41 17
46 10 14
46 61 16
46 37 16
46 50 1
46 48 19
46 9 12
46 22 1
47 50 11
47 63 1
47 53 16
47 43 14
47 23 20
47 58 10
48 55 8
51 35 1
51 59 11
51 32 4
51 55 14
51 9 13
51 38 18
51 26 9
51 39 12
51 19 18
51 23 13
51 33 12
51 34 18
51 3 12
52 50 17
52 18 16
52 51 4
53 32 5
53 44 3
53 50 7
53 16 3
53 19 5
53 42 12
53 11 15
53 54 9
53 3 19
53 23 18
53 43 15
53 60 16
53 27 5
54 19 20
54 36 10
54 13 16
54 61 13
54 38 18
54 33 5
54 27 6
54 20 11
54 50 16
54 51 9
54 47 9
54 52 16
54 58 1
54 44 4
54 37 2
54 41 1
54 29 18
54 30 13
55 63 12
55 36 16
55 40 19
55 7 8
55 30 10
55 33 5
55 18 18
57 31 12
57 22 16
57 59 7
57 54 7
57 35 9
57 51 2
57 43 19
57 33 1
57 53 19
57 45 7
57 27 2
57 19 1
57 44 15
57 14 10
57 42 1
57 11 20
60 55 11
60 16 3
60 31 6
60 37 3
60 41 13
60 45 13
60 58 20
60 42 18
60 19 11
60 18 20
60 3 6
60 13 2
60 21 17
60 22 15
60 39 15
60 51 12
60 57 12
60 34 2
62 59 20
62 27 8
62 45 1
62 12 18
62 32 18
62 3 9
62 60 11
62 49 13
62 16 13
62 26 18
62 29 4
62 21 5
62 53 18
62 61 7
62 13 15
62 42 3
63 58 18
63 18 9
63 44 2
63 50 17
63 11 14
63 28 10
63 3 17
63 45 16
63 9 20
63 62 18
63 56 4
63 23 9
63 41 5
